10 0 0
10 1 0
10 2 0
10 3 0
10 4 0
10 5 0
10 6 0
10 7 0
10 8 0
10 9 0
10 10 0
10 11 0
10 12 0
10 13 0
10 14 0
10 15 0
10 16 0
10 17 0
10 18 0
10 19 0
10 20 0
10 21 0
10 22 0
10 23 0
10 24 0
10 25 0
10 26 0
10 27 0
10 28 0
10 29 0
10 30 0
10 31 0
10 32 0
10 33 0
10 34 0
10 35 0
10 36 0
10 37 0
10 38 0
10 39 0
10 40 0
10 41 0
10 42 0
10 43 0
10 44 0
10 45 0
10 46 0
10 47 0
10 48 0
10 49 0
20 0 0
20 1 0
20 2 0
20 3 0
20 4 0
20 5 0
20 6 0
20 7 0
20 8 0
20 9 0
20 10 0
20 11 0
20 12 0
20 13 0
20 14 0
20 15 0
20 16 0
20 17 0
20 18 0
20 19 0
20 20 0
20 21 0
20 22 0
20 23 0
20 24 0
20 25 0
20 26 0
20 27 0
20 28 0
20 29 0
20 30 0
20 31 0
20 32 0
20 33 0
20 34 0
20 35 0
20 36 0
20 37 0
20 38 0
20 39 0
20 40 0
20 41 0
20 42 0
20 43 0
20 44 0
20 45 0
20 46 0
20 47 0
20 48 0
20 49 0
30 0 0
30 1 0
30 2 0
30 3 0
30 4 0
30 5 0
30 6 0
30 7 0
30 8 0
30 9 0
30 10 0
30 11 0
30 12 0
30 13 0
30 14 0
30 15 0
30 16 0
30 17 0
30 18 0
30 19 0
30 20 0
30 21 0
30 22 0
30 23 0
30 24 0
30 25 0
30 26 0
30 27 0
30 28 0
30 29 0
30 30 0
30 31 0
30 32 0
30 33 0
30 34 0
30 35 0
30 36 0
30 37 0
30 38 0
30 39 0
30 40 0
30 41 0
30 42 0
30 43 0
30 44 0
30 45 0
30 46 0
30 47 0
30 48 0
30 49 0
40 0 0
40 1 0
40 2 0
40 3 0
40 4 0
40 5 0
40 6 0
40 7 0
40 8 0
40 9 0
40 10 0
40 11 0
40 12 0
40 13 0
40 14 0
40 15 0
40 16 0
40 17 0
40 18 0
40 19 0
40 20 0
40 21 0
40 22 0
40 23 0
40 24 0
40 25 0
40 26 0
40 27 0
40 28 0
40 29 0
40 30 0
40 31 0
40 32 0
40 33 0
40 34 0
40 35 0
40 36 0
40 37 0
40 38 0
40 39 0
40 40 0
40 41 0
40 42 0
40 43 0
40 44 0
40 45 0
40 46 0
40 47 0
40 48 0
40 49 0
50 0 0
50 1 0
50 2 0
50 3 0
50 4 0
50 5 0
50 6 0
50 7 0
50 8 0
50 9 0
50 10 0
50 11 0
50 12 0
50 13 0
50 14 0
50 15 0
50 16 0
50 17 0
50 18 0
50 19 0
50 20 0
50 21 0
50 22 0
50 23 0
50 24 0
50 25 0
50 26 0
50 27 0
50 28 0
50 29 0
50 30 0
50 31 0
50 32 0
50 33 0
50 34 0
50 35 0
50 36 0
50 37 0
50 38 0
50 39 0
50 40 0
50 41 0
50 42 0
50 43 0
50 44 0
50 45 0
50 46 0
50 47 0
50 48 0
50 49 0
60 0 0
60 1 0
60 2 0
60 3 0
60 4 0
60 5 0
60 6 0
60 7 0
60 8 0
60 9 0
60 10 0
60 11 0
60 12 0
60 13 0
60 14 0
60 15 0
60 16 0
60 17 0
60 18 0
60 19 0
60 20 0
60 21 0
60 22 0
60 23 0
60 24 0
60 25 0
60 26 0
60 27 0
60 28 0
60 29 0
60 30 0
60 31 0
60 32 0
60 33 0
60 34 0
60 35 0
60 36 0
60 37 0
60 38 0
60 39 0
60 40 0
60 41 0
60 42 0
60 43 0
60 44 0
60 45 0
60 46 0
60 47 0
60 48 0
60 49 0
70 0 0
70 1 0
70 2 0
70 3 0
70 4 0
70 5 0
70 6 0
70 7 0
70 8 0
70 9 0
70 10 0
70 11 0
70 12 0
70 13 0
70 14 0
70 15 0
70 16 0
70 17 0
70 18 0
70 19 0
70 20 0
70 21 0
70 22 0
70 23 0
70 24 0
70 25 0
70 26 0
70 27 0
70 28 0
70 29 0
70 30 0
70 31 0
70 32 0
70 33 0
70 34 0
70 35 0
70 36 0
70 37 0
70 38 0
70 39 0
70 40 0
70 41 0
70 42 0
70 43 0
70 44 0
70 45 0
70 46 0
70 47 0
70 48 0
70 49 0
80 0 0
80 1 0
80 2 0
80 3 0
80 4 0
80 5 0
80 6 0
80 7 0
80 8 0
80 9 0
80 10 0
80 11 0
80 12 0
80 13 0
80 14 0
80 15 0
80 16 0
80 17 0
80 18 0
80 19 0
80 20 0
80 21 0
80 22 0
80 23 0
80 24 0
80 25 0
80 26 0
80 27 0
80 28 0
80 29 0
80 30 0
80 31 0
80 32 0
80 33 0
80 34 0
80 35 0
80 36 0
80 37 0
80 38 0
80 39 0
80 40 0
80 41 0
80 42 0
80 43 0
80 44 0
80 45 0
80 46 0
80 47 0
80 48 0
80 49 0
90 0 0
90 1 0
90 2 0
90 3 0
90 4 0
90 5 0
90 6 0
90 7 0
90 8 0
90 9 0
90 10 0
90 11 0
90 12 0
90 13 0
90 14 0
90 15 0
90 16 0
90 17 0
90 18 0
90 19 0
90 20 0
90 21 0
90 22 0
90 23 0
90 24 0
90 25 0
90 26 0
90 27 0
90 28 0
90 29 0
90 30 0
90 31 0
90 32 0
90 33 0
90 34 0
90 35 0
90 36 0
90 37 0
90 38 0
90 39 0
90 40 0
90 41 0
90 42 0
90 43 0
90 44 0
90 45 0
90 46 0
90 47 0
90 48 0
90 49 0
100 0 0
100 1 0
100 2 0
100 3 0
100 4 0
100 5 0
100 6 0
100 7 0
100 8 0
100 9 0
100 10 0
100 11 0
100 12 0
100 13 0
100 14 0
100 15 0
100 16 0
100 17 0
100 18 0
100 19 0
100 20 0
100 21 0
100 22 0
100 23 0
100 24 0
100 25 0
100 26 0
100 27 0
100 28 0
100 29 0
100 30 0
100 31 0
100 32 0
100 33 0
100 34 0
100 35 0
100 36 0
100 37 0
100 38 0
100 39 0
100 40 0
100 41 0
100 42 0
100 43 0
100 44 0
100 45 0
100 46 0
100 47 0
100 48 0
100 49 0
110 0 0
110 1 0
110 2 0
110 3 0
110 4 0
110 5 0
110 6 0
110 7 0
110 8 0
110 9 0
110 10 0
110 11 0
110 12 0
110 13 0
110 14 0
110 15 0
110 16 0
110 17 0
110 18 0
110 19 0
110 20 0
110 21 0
110 22 0
110 23 0
110 24 0
110 25 0
110 26 0
110 27 0
110 28 0
110 29 0
110 30 0
110 31 0
110 32 0
110 33 0
110 34 0
110 35 0
110 36 0
110 37 0
110 38 0
110 39 0
110 40 0
110 41 0
110 42 0
110 43 0
110 44 0
110 45 0
110 46 0
110 47 0
110 48 0
110 49 0
120 0 0
120 1 0
120 2 0
120 3 0
120 4 0
120 5 0
120 6 0
120 7 0
120 8 0
120 9 0
120 10 0
120 11 0
120 12 0
120 13 0
120 14 0
120 15 0
120 16 0
120 17 0
120 18 0
120 19 0
120 20 0
120 21 0
120 22 0
120 23 0
120 24 0
120 25 0
120 26 0
120 27 0
120 28 0
120 29 0
120 30 0
120 31 0
120 32 0
120 33 0
120 34 0
120 35 0
120 36 0
120 37 0
120 38 0
120 39 0
120 40 0
120 41 0
120 42 0
120 43 0
120 44 0
120 45 0
120 46 0
120 47 0
120 48 0
120 49 0
130 0 0
130 1 0
130 2 0
130 3 0
130 4 0
130 5 0
130 6 0
130 7 0
130 8 0
130 9 0
130 10 0
130 11 0
130 12 0
130 13 0
130 14 0
130 15 0
130 16 0
130 17 0
130 18 0
130 19 0
130 20 0
130 21 0
130 22 0
130 23 0
130 24 0
130 25 0
130 26 0
130 27 0
130 28 0
130 29 0
130 30 0
130 31 0
130 32 0
130 33 0
130 34 0
130 35 0
130 36 0
130 37 0
130 38 0
130 39 0
130 40 0
130 41 0
130 42 0
130 43 0
130 44 0
130 45 0
130 46 0
130 47 0
130 48 0
130 49 0
140 0 0
140 1 0
140 2 0
140 3 0
140 4 0
140 5 0
140 6 0
140 7 0
140 8 0
140 9 0
140 10 0
140 11 0
140 12 0
140 13 0
140 14 0
140 15 0
140 16 0
140 17 0
140 18 0
140 19 0
140 20 0
140 21 0
140 22 0
140 23 0
140 24 0
140 25 0
140 26 0
140 27 0
140 28 0
140 29 0
140 30 0
140 31 0
140 32 0
140 33 0
140 34 0
140 35 0
140 36 0
140 37 0
140 38 0
140 39 0
140 40 0
140 41 0
140 42 0
140 43 0
140 44 0
140 45 0
140 46 0
140 47 0
140 48 0
140 49 0
150 0 0
150 1 0
150 2 0
150 3 0
150 4 0
150 5 0
150 6 0
150 7 0
150 8 0
150 9 0
150 10 0
150 11 0
150 12 0
150 13 0
150 14 0
150 15 0
150 16 0
150 17 0
150 18 0
150 19 0
150 20 0
150 21 0
150 22 0
150 23 0
150 24 0
150 25 0
150 26 0
150 27 0
150 28 0
150 29 0
150 30 0
150 31 0
150 32 0
150 33 0
150 34 0
150 35 0
150 36 0
150 37 0
150 38 0
150 39 0
150 40 0
150 41 0
150 42 0
150 43 0
150 44 0
150 45 0
150 46 0
150 47 0
150 48 0
150 49 0
160 0 0
160 1 0
160 2 0
160 3 0
160 4 0
160 5 0
160 6 0
160 7 0
160 8 0
160 9 0
160 10 0
160 11 0
160 12 0
160 13 0
160 14 0
160 15 0
160 16 0
160 17 0
160 18 0
160 19 0
160 20 0
160 21 0
160 22 0
160 23 0
160 24 0
160 25 0
160 26 0
160 27 0
160 28 0
160 29 0
160 30 0
160 31 0
160 32 0
160 33 0
160 34 0
160 35 0
160 36 0
160 37 0
160 38 0
160 39 0
160 40 0
160 41 0
160 42 0
160 43 0
160 44 0
160 45 0
160 46 0
160 47 0
160 48 0
160 49 0
170 0 0
170 1 0
170 2 0
170 3 0
170 4 0
170 5 0
170 6 0
170 7 0
170 8 0
170 9 0
170 10 0
170 11 0
170 12 0
170 13 0
170 14 0
170 15 0
170 16 0
170 17 0
170 18 0
170 19 0
170 20 0
170 21 0
170 22 0
170 23 0
170 24 0
170 25 0
170 26 0
170 27 0
170 28 0
170 29 0
170 30 0
170 31 0
170 32 0
170 33 0
170 34 0
170 35 0
170 36 0
170 37 0
170 38 0
170 39 0
170 40 0
170 41 0
170 42 0
170 43 0
170 44 0
170 45 0
170 46 0
170 47 0
170 48 0
170 49 0
180 0 0
180 1 0
180 2 0
180 3 0
180 4 0
180 5 0
180 6 0
180 7 0
180 8 0
180 9 0
180 10 0
180 11 0
180 12 0
180 13 0
180 14 0
180 15 0
180 16 0
180 17 0
180 18 0
180 19 0
180 20 0
180 21 0
180 22 0
180 23 0
180 24 0
180 25 0
180 26 0
180 27 0
180 28 0
180 29 0
180 30 0
180 31 0
180 32 0
180 33 0
180 34 0
180 35 0
180 36 0
180 37 0
180 38 0
180 39 0
180 40 0
180 41 0
180 42 0
180 43 0
180 44 0
180 45 0
180 46 0
180 47 0
180 48 0
180 49 0
190 0 0
190 1 0
190 2 0
190 3 0
190 4 0
190 5 0
190 6 0
190 7 0
190 8 0
190 9 0
190 10 0
190 11 0
190 12 0
190 13 0
190 14 0
190 15 0
190 16 0
190 17 0
190 18 0
190 19 0
190 20 0
190 21 0
190 22 0
190 23 0
190 24 0
190 25 0
190 26 0
190 27 0
190 28 0
190 29 0
190 30 0
190 31 0
190 32 0
190 33 0
190 34 0
190 35 0
190 36 0
190 37 0
190 38 0
190 39 0
190 40 0
190 41 0
190 42 0
190 43 0
190 44 0
190 45 0
190 46 0
190 47 0
190 48 0
190 49 0
200 0 0
200 1 0
200 2 0
200 3 0
200 4 0
200 5 0
200 6 0
200 7 0
200 8 0
200 9 0
200 10 0
200 11 0
200 12 0
200 13 0
200 14 0
200 15 0
200 16 0
200 17 0
200 18 0
200 19 0
200 20 0
200 21 0
200 22 0
200 23 0
200 24 0
200 25 0
200 26 0
200 27 0
200 28 0
200 29 0
200 30 0
200 31 0
200 32 0
200 33 0
200 34 0
200 35 0
200 36 0
200 37 0
200 38 0
200 39 0
200 40 0
200 41 0
200 42 0
200 43 0
200 44 0
200 45 0
200 46 0
200 47 0
200 48 0
200 49 0
210 0 0
210 1 0
210 2 0
210 3 0
210 4 0
210 5 0
210 6 0
210 7 0
210 8 0
210 9 0
210 10 0
210 11 0
210 12 0
210 13 0
210 14 0
210 15 0
210 16 0
210 17 0
210 18 0
210 19 0
210 20 0
210 21 0
210 22 0
210 23 0
210 24 0
210 25 0
210 26 0
210 27 0
210 28 0
210 29 0
210 30 0
210 31 0
210 32 0
210 33 0
210 34 0
210 35 0
210 36 0
210 37 0
210 38 0
210 39 0
210 40 0
210 41 0
210 42 0
210 43 0
210 44 0
210 45 0
210 46 0
210 47 0
210 48 0
210 49 0
220 0 0
220 1 0
220 2 0
220 3 0
220 4 0
220 5 0
220 6 0
220 7 0
220 8 0
220 9 0
220 10 0
220 11 0
220 12 0
220 13 0
220 14 0
220 15 0
220 16 0
220 17 0
220 18 0
220 19 0
220 20 0
220 21 0
220 22 0
220 23 0
220 24 0
220 25 0
220 26 0
220 27 0
220 28 0
220 29 0
220 30 0
220 31 0
220 32 0
220 33 0
220 34 0
220 35 0
220 36 0
220 37 0
220 38 0
220 39 0
220 40 0
220 41 0
220 42 0
220 43 0
220 44 0
220 45 0
220 46 0
220 47 0
220 48 0
220 49 0
230 0 0
230 1 0
230 2 0
230 3 0
230 4 0
230 5 0
230 6 0
230 7 0
230 8 0
230 9 0
230 10 0
230 11 0
230 12 0
230 13 0
230 14 0
230 15 0
230 16 0
230 17 0
230 18 0
230 19 0
230 20 0
230 21 0
230 22 0
230 23 0
230 24 0
230 25 0
230 26 0
230 27 0
230 28 0
230 29 0
230 30 0
230 31 0
230 32 0
230 33 0
230 34 0
230 35 0
230 36 0
230 37 0
230 38 0
230 39 0
230 40 0
230 41 0
230 42 0
230 43 0
230 44 0
230 45 0
230 46 0
230 47 0
230 48 0
230 49 0
240 0 0
240 1 0
240 2 0
240 3 0
240 4 0
240 5 0
240 6 0
240 7 0
240 8 0
240 9 0
240 10 0
240 11 0
240 12 0
240 13 0
240 14 0
240 15 0
240 16 0
240 17 0
240 18 0
240 19 0
240 20 0
240 21 0
240 22 0
240 23 0
240 24 0
240 25 0
240 26 0
240 27 0
240 28 0
240 29 0
240 30 0
240 31 0
240 32 0
240 33 0
240 34 0
240 35 0
240 36 0
240 37 0
240 38 0
240 39 0
240 40 0
240 41 0
240 42 0
240 43 0
240 44 0
240 45 0
240 46 0
240 47 0
240 48 0
240 49 0
250 0 0
250 1 0
250 2 0
250 3 0
250 4 0
250 5 0
250 6 0
250 7 0
250 8 0
250 9 0
250 10 0
250 11 0
250 12 0
250 13 0
250 14 0
250 15 0
250 16 0
250 17 0
250 18 0
250 19 0
250 20 0
250 21 0
250 22 0
250 23 0
250 24 0
250 25 0
250 26 0
250 27 0
250 28 0
250 29 0
250 30 0
250 31 0
250 32 0
250 33 0
250 34 0
250 35 0
250 36 0
250 37 0
250 38 0
250 39 0
250 40 0
250 41 0
250 42 0
250 43 0
250 44 0
250 45 0
250 46 0
250 47 0
250 48 0
250 49 0
260 0 0
260 1 0
260 2 0
260 3 0
260 4 0
260 5 0
260 6 0
260 7 0
260 8 0
260 9 0
260 10 0
260 11 0
260 12 0
260 13 0
260 14 0
260 15 0
260 16 0
260 17 0
260 18 0
260 19 0
260 20 0
260 21 0
260 22 0
260 23 0
260 24 0
260 25 0
260 26 0
260 27 0
260 28 0
260 29 0
260 30 0
260 31 0
260 32 0
260 33 0
260 34 0
260 35 0
260 36 0
260 37 0
260 38 0
260 39 0
260 40 0
260 41 0
260 42 0
260 43 0
260 44 0
260 45 0
260 46 0
260 47 0
260 48 0
260 49 0
270 0 0
270 1 0
270 2 0
270 3 0
270 4 0
270 5 0
270 6 0
270 7 0
270 8 0
270 9 0
270 10 0
270 11 0
270 12 0
270 13 0
270 14 0
270 15 0
270 16 0
270 17 0
270 18 0
270 19 0
270 20 0
270 21 0
270 22 0
270 23 0
270 24 0
270 25 0
270 26 0
270 27 0
270 28 0
270 29 0
270 30 0
270 31 0
270 32 0
270 33 0
270 34 0
270 35 0
270 36 0
270 37 0
270 38 0
270 39 0
270 40 0
270 41 0
270 42 0
270 43 0
270 44 0
270 45 0
270 46 0
270 47 0
270 48 0
270 49 0
280 0 0
280 1 0
280 2 0
280 3 0
280 4 0
280 5 0
280 6 0
280 7 0
280 8 0
280 9 0
280 10 0
280 11 0
280 12 0
280 13 0
280 14 0
280 15 0
280 16 0
280 17 0
280 18 0
280 19 0
280 20 0
280 21 0
280 22 0
280 23 0
280 24 0
280 25 0
280 26 0
280 27 0
280 28 0
280 29 0
280 30 0
280 31 0
280 32 0
280 33 0
280 34 0
280 35 0
280 36 0
280 37 0
280 38 0
280 39 0
280 40 0
280 41 0
280 42 0
280 43 0
280 44 0
280 45 0
280 46 0
280 47 0
280 48 0
280 49 0
290 0 0
290 1 0
290 2 0
290 3 0
290 4 0
290 5 0
290 6 0
290 7 0
290 8 0
290 9 0
290 10 0
290 11 0
290 12 0
290 13 0
290 14 0
290 15 0
290 16 0
290 17 0
290 18 0
290 19 0
290 20 0
290 21 0
290 22 0
290 23 0
290 24 0
290 25 0
290 26 0
290 27 0
290 28 0
290 29 0
290 30 0
290 31 0
290 32 0
290 33 0
290 34 0
290 35 0
290 36 0
290 37 0
290 38 0
290 39 0
290 40 0
290 41 0
290 42 0
290 43 0
290 44 0
290 45 0
290 46 0
290 47 0
290 48 0
290 49 0
300 0 0
300 1 0
300 2 0
300 3 0
300 4 0
300 5 0
300 6 0
300 7 0
300 8 0
300 9 0
300 10 0
300 11 0
300 12 0
300 13 0
300 14 0
300 15 0
300 16 0
300 17 0
300 18 0
300 19 0
300 20 0
300 21 0
300 22 0
300 23 0
300 24 0
300 25 0
300 26 0
300 27 0
300 28 0
300 29 0
300 30 0
300 31 0
300 32 0
300 33 0
300 34 0
300 35 0
300 36 0
300 37 0
300 38 0
300 39 0
300 40 0
300 41 0
300 42 0
300 43 0
300 44 0
300 45 0
300 46 0
300 47 0
300 48 0
300 49 0
310 0 0
310 1 0
310 2 0
310 3 0
310 4 0
310 5 0
310 6 0
310 7 0
310 8 0
310 9 0
310 10 0
310 11 0
310 12 0
310 13 0
310 14 0
310 15 0
310 16 0
310 17 0
310 18 0
310 19 0
310 20 0
310 21 0
310 22 0
310 23 0
310 24 0
310 25 0
310 26 0
310 27 0
310 28 0
310 29 0
310 30 0
310 31 0
310 32 0
310 33 0
310 34 0
310 35 0
310 36 0
310 37 0
310 38 0
310 39 0
310 40 0
310 41 0
310 42 0
310 43 0
310 44 0
310 45 0
310 46 0
310 47 0
310 48 0
310 49 0
320 0 0
320 1 0
320 2 0
320 3 0
320 4 0
320 5 0
320 6 0
320 7 0
320 8 0
320 9 0
320 10 0
320 11 0
320 12 0
320 13 0
320 14 0
320 15 0
320 16 0
320 17 0
320 18 0
320 19 0
320 20 0
320 21 0
320 22 0
320 23 0
320 24 0
320 25 0
320 26 0
320 27 0
320 28 0
320 29 0
320 30 0
320 31 0
320 32 0
320 33 0
320 34 0
320 35 0
320 36 0
320 37 0
320 38 0
320 39 0
320 40 0
320 41 0
320 42 0
320 43 0
320 44 0
320 45 0
320 46 0
320 47 0
320 48 0
320 49 0
330 0 0
330 1 0
330 2 0
330 3 0
330 4 0
330 5 0
330 6 0
330 7 0
330 8 0
330 9 0
330 10 0
330 11 0
330 12 0
330 13 0
330 14 0
330 15 0
330 16 0
330 17 0
330 18 0
330 19 0
330 20 0
330 21 0
330 22 0
330 23 0
330 24 0
330 25 0
330 26 0
330 27 0
330 28 0
330 29 0
330 30 0
330 31 0
330 32 0
330 33 0
330 34 0
330 35 0
330 36 0
330 37 0
330 38 0
330 39 0
330 40 0
330 41 0
330 42 0
330 43 0
330 44 0
330 45 0
330 46 0
330 47 0
330 48 0
330 49 0
340 0 0
340 1 0
340 2 0
340 3 0
340 4 0
340 5 0
340 6 0
340 7 0
340 8 0
340 9 0
340 10 0
340 11 0
340 12 0
340 13 0
340 14 0
340 15 0
340 16 0
340 17 0
340 18 0
340 19 0
340 20 0
340 21 0
340 22 0
340 23 0
340 24 0
340 25 0
340 26 0
340 27 0
340 28 0
340 29 0
340 30 0
340 31 0
340 32 0
340 33 0
340 34 0
340 35 0
340 36 0
340 37 0
340 38 0
340 39 0
340 40 0
340 41 0
340 42 0
340 43 0
340 44 0
340 45 0
340 46 0
340 47 0
340 48 0
340 49 0
350 0 0
350 1 0
350 2 0
350 3 0
350 4 0
350 5 0
350 6 0
350 7 0
350 8 0
350 9 0
350 10 0
350 11 0
350 12 0
350 13 0
350 14 0
350 15 0
350 16 0
350 17 0
350 18 0
350 19 0
350 20 0
350 21 0
350 22 0
350 23 0
350 24 0
350 25 0
350 26 0
350 27 0
350 28 0
350 29 0
350 30 0
350 31 0
350 32 0
350 33 0
350 34 0
350 35 0
350 36 0
350 37 0
350 38 0
350 39 0
350 40 0
350 41 0
350 42 0
350 43 0
350 44 0
350 45 0
350 46 0
350 47 0
350 48 0
350 49 0
360 0 0
360 1 0
360 2 0
360 3 0
360 4 0
360 5 0
360 6 0
360 7 0
360 8 0
360 9 0
360 10 0
360 11 0
360 12 0
360 13 0
360 14 0
360 15 0
360 16 0
360 17 0
360 18 0
360 19 0
360 20 0
360 21 0
360 22 0
360 23 0
360 24 0
360 25 0
360 26 0
360 27 0
360 28 0
360 29 0
360 30 0
360 31 0
360 32 0
360 33 0
360 34 0
360 35 0
360 36 0
360 37 0
360 38 0
360 39 0
360 40 0
360 41 0
360 42 0
360 43 0
360 44 0
360 45 0
360 46 0
360 47 0
360 48 0
360 49 0
370 0 0
370 1 0
370 2 0
370 3 0
370 4 0
370 5 0
370 6 0
370 7 0
370 8 0
370 9 0
370 10 0
370 11 0
370 12 0
370 13 0
370 14 0
370 15 0
370 16 0
370 17 0
370 18 0
370 19 0
370 20 0
370 21 0
370 22 0
370 23 0
370 24 0
370 25 0
370 26 0
370 27 0
370 28 0
370 29 0
370 30 0
370 31 0
370 32 0
370 33 0
370 34 0
370 35 0
370 36 0
370 37 0
370 38 0
370 39 0
370 40 0
370 41 0
370 42 0
370 43 0
370 44 0
370 45 0
370 46 0
370 47 0
370 48 0
370 49 0
380 0 0
380 1 0
380 2 0
380 3 0
380 4 0
380 5 0
380 6 0
380 7 0
380 8 0
380 9 0
380 10 0
380 11 0
380 12 0
380 13 0
380 14 0
380 15 0
380 16 0
380 17 0
380 18 0
380 19 0
380 20 0
380 21 0
380 22 0
380 23 0
380 24 0
380 25 0
380 26 0
380 27 0
380 28 0
380 29 0
380 30 0
380 31 0
380 32 0
380 33 0
380 34 0
380 35 0
380 36 0
380 37 0
380 38 0
380 39 0
380 40 0
380 41 0
380 42 0
380 43 0
380 44 0
380 45 0
380 46 0
380 47 0
380 48 0
380 49 0
390 0 0
390 1 0
390 2 0
390 3 0
390 4 0
390 5 0
390 6 0
390 7 0
390 8 0
390 9 0
390 10 0
390 11 0
390 12 0
390 13 0
390 14 0
390 15 0
390 16 0
390 17 0
390 18 0
390 19 0
390 20 0
390 21 0
390 22 0
390 23 0
390 24 0
390 25 0
390 26 0
390 27 0
390 28 0
390 29 0
390 30 0
390 31 0
390 32 0
390 33 0
390 34 0
390 35 0
390 36 0
390 37 0
390 38 0
390 39 0
390 40 0
390 41 0
390 42 0
390 43 0
390 44 0
390 45 0
390 46 0
390 47 0
390 48 0
390 49 0
400 0 0
400 1 0
400 2 0
400 3 0
400 4 0
400 5 0
400 6 0
400 7 0
400 8 0
400 9 0
400 10 0
400 11 0
400 12 0
400 13 0
400 14 0
400 15 0
400 16 0
400 17 0
400 18 0
400 19 0
400 20 0
400 21 0
400 22 0
400 23 0
400 24 0
400 25 0
400 26 0
400 27 0
400 28 0
400 29 0
400 30 0
400 31 0
400 32 0
400 33 0
400 34 0
400 35 0
400 36 0
400 37 0
400 38 0
400 39 0
400 40 0
400 41 0
400 42 0
400 43 0
400 44 0
400 45 0
400 46 0
400 47 0
400 48 0
400 49 0
410 0 0
410 1 0
410 2 0
410 3 0
410 4 0
410 5 0
410 6 0
410 7 0
410 8 0
410 9 0
410 10 0
410 11 0
410 12 0
410 13 0
410 14 0
410 15 0
410 16 0
410 17 0
410 18 0
410 19 0
410 20 0
410 21 0
410 22 0
410 23 0
410 24 0
410 25 0
410 26 0
410 27 0
410 28 0
410 29 0
410 30 0
410 31 0
410 32 0
410 33 0
410 34 0
410 35 0
410 36 0
410 37 0
410 38 0
410 39 0
410 40 0
410 41 0
410 42 0
410 43 0
410 44 0
410 45 0
410 46 0
410 47 0
410 48 0
410 49 0
420 0 0
420 1 0
420 2 0
420 3 0
420 4 0
420 5 0
420 6 0
420 7 0
420 8 0
420 9 0
420 10 0
420 11 0
420 12 0
420 13 0
420 14 0
420 15 0
420 16 0
420 17 0
420 18 0
420 19 0
420 20 0
420 21 0
420 22 0
420 23 0
420 24 0
420 25 0
420 26 0
420 27 0
420 28 0
420 29 0
420 30 0
420 31 0
420 32 0
420 33 0
420 34 0
420 35 0
420 36 0
420 37 0
420 38 0
420 39 0
420 40 0
420 41 0
420 42 0
420 43 0
420 44 0
420 45 0
420 46 0
420 47 0
420 48 0
420 49 0
430 0 0
430 1 0
430 2 0
430 3 0
430 4 0
430 5 0
430 6 0
430 7 0
430 8 0
430 9 0
430 10 0
430 11 0
430 12 0
430 13 0
430 14 0
430 15 0
430 16 0
430 17 0
430 18 0
430 19 0
430 20 0
430 21 0
430 22 0
430 23 0
430 24 0
430 25 0
430 26 0
430 27 0
430 28 0
430 29 0
430 30 0
430 31 0
430 32 0
430 33 0
430 34 0
430 35 0
430 36 0
430 37 0
430 38 0
430 39 0
430 40 0
430 41 0
430 42 0
430 43 0
430 44 0
430 45 0
430 46 0
430 47 0
430 48 0
430 49 0
440 0 0
440 1 0
440 2 0
440 3 0
440 4 0
440 5 0
440 6 0
440 7 0
440 8 0
440 9 0
440 10 0
440 11 0
440 12 0
440 13 0
440 14 0
440 15 0
440 16 0
440 17 0
440 18 0
440 19 0
440 20 0
440 21 0
440 22 0
440 23 0
440 24 0
440 25 0
440 26 0
440 27 0
440 28 0
440 29 0
440 30 0
440 31 0
440 32 0
440 33 0
440 34 0
440 35 0
440 36 0
440 37 0
440 38 0
440 39 0
440 40 0
440 41 0
440 42 0
440 43 0
440 44 0
440 45 0
440 46 0
440 47 0
440 48 0
440 49 0
450 0 0
450 1 0
450 2 0
450 3 0
450 4 0
450 5 0
450 6 0
450 7 0
450 8 0
450 9 0
450 10 0
450 11 0
450 12 0
450 13 0
450 14 0
450 15 0
450 16 0
450 17 0
450 18 0
450 19 0
450 20 0
450 21 0
450 22 0
450 23 0
450 24 0
450 25 0
450 26 0
450 27 0
450 28 0
450 29 0
450 30 0
450 31 0
450 32 0
450 33 0
450 34 0
450 35 0
450 36 0
450 37 0
450 38 0
450 39 0
450 40 0
450 41 0
450 42 0
450 43 0
450 44 0
450 45 0
450 46 0
450 47 0
450 48 0
450 49 0
460 0 0
460 1 0
460 2 0
460 3 0
460 4 0
460 5 0
460 6 0
460 7 0
460 8 0
460 9 0
460 10 0
460 11 0
460 12 0
460 13 0
460 14 0
460 15 0
460 16 0
460 17 0
460 18 0
460 19 0
460 20 0
460 21 0
460 22 0
460 23 0
460 24 0
460 25 0
460 26 0
460 27 0
460 28 0
460 29 0
460 30 0
460 31 0
460 32 0
460 33 0
460 34 0
460 35 0
460 36 0
460 37 0
460 38 0
460 39 0
460 40 0
460 41 0
460 42 0
460 43 0
460 44 0
460 45 0
460 46 0
460 47 0
460 48 0
460 49 0
470 0 0
470 1 0
470 2 0
470 3 0
470 4 0
470 5 0
470 6 0
470 7 0
470 8 0
470 9 0
470 10 0
470 11 0
470 12 0
470 13 0
470 14 0
470 15 0
470 16 0
470 17 0
470 18 0
470 19 0
470 20 0
470 21 0
470 22 0
470 23 0
470 24 0
470 25 0
470 26 0
470 27 0
470 28 0
470 29 0
470 30 0
470 31 0
470 32 0
470 33 0
470 34 0
470 35 0
470 36 0
470 37 0
470 38 0
470 39 0
470 40 0
470 41 0
470 42 0
470 43 0
470 44 0
470 45 0
470 46 0
470 47 0
470 48 0
470 49 0
480 0 0
480 1 0
480 2 0
480 3 0
480 4 0
480 5 0
480 6 0
480 7 0
480 8 0
480 9 0
480 10 0
480 11 0
480 12 0
480 13 0
480 14 0
480 15 0
480 16 0
480 17 0
480 18 0
480 19 0
480 20 0
480 21 0
480 22 0
480 23 0
480 24 0
480 25 0
480 26 0
480 27 0
480 28 0
480 29 0
480 30 0
480 31 0
480 32 0
480 33 0
480 34 0
480 35 0
480 36 0
480 37 0
480 38 0
480 39 0
480 40 0
480 41 0
480 42 0
480 43 0
480 44 0
480 45 0
480 46 0
480 47 0
480 48 0
480 49 0
490 0 0
490 1 0
490 2 0
490 3 0
490 4 0
490 5 0
490 6 0
490 7 0
490 8 0
490 9 0
490 10 0
490 11 0
490 12 0
490 13 0
490 14 0
490 15 0
490 16 0
490 17 0
490 18 0
490 19 0
490 20 0
490 21 0
490 22 0
490 23 0
490 24 0
490 25 0
490 26 0
490 27 0
490 28 0
490 29 0
490 30 0
490 31 0
490 32 0
490 33 0
490 34 0
490 35 0
490 36 0
490 37 0
490 38 0
490 39 0
490 40 0
490 41 0
490 42 0
490 43 0
490 44 0
490 45 0
490 46 0
490 47 0
490 48 0
490 49 0
500 0 0
500 1 0
500 2 0
500 3 0
500 4 0
500 5 0
500 6 0
500 7 0
500 8 0
500 9 0
500 10 0
500 11 0
500 12 0
500 13 0
500 14 0
500 15 0
500 16 0
500 17 0
500 18 0
500 19 0
500 20 0
500 21 0
500 22 0
500 23 0
500 24 0
500 25 0
500 26 0
500 27 0
500 28 0
500 29 0
500 30 0
500 31 0
500 32 0
500 33 0
500 34 0
500 35 0
500 36 0
500 37 0
500 38 0
500 39 0
500 40 0
500 41 0
500 42 0
500 43 0
500 44 0
500 45 0
500 46 0
500 47 0
500 48 0
500 49 0
510 0 0
510 1 0
510 2 0
510 3 0
510 4 0
510 5 0
510 6 0
510 7 0
510 8 0
510 9 0
510 10 0
510 11 0
510 12 0
510 13 0
510 14 0
510 15 0
510 16 0
510 17 0
510 18 0
510 19 0
510 20 0
510 21 0
510 22 0
510 23 0
510 24 0
510 25 0
510 26 0
510 27 0
510 28 0
510 29 0
510 30 0
510 31 0
510 32 0
510 33 0
510 34 0
510 35 0
510 36 0
510 37 0
510 38 0
510 39 0
510 40 0
510 41 0
510 42 0
510 43 0
510 44 0
510 45 0
510 46 0
510 47 0
510 48 0
510 49 0
520 0 0
520 1 0
520 2 0
520 3 0
520 4 0
520 5 0
520 6 0
520 7 0
520 8 0
520 9 0
520 10 0
520 11 0
520 12 0
520 13 0
520 14 0
520 15 0
520 16 0
520 17 0
520 18 0
520 19 0
520 20 0
520 21 0
520 22 0
520 23 0
520 24 0
520 25 0
520 26 0
520 27 0
520 28 0
520 29 0
520 30 0
520 31 0
520 32 0
520 33 0
520 34 0
520 35 0
520 36 0
520 37 0
520 38 0
520 39 0
520 40 0
520 41 0
520 42 0
520 43 0
520 44 0
520 45 0
520 46 0
520 47 0
520 48 0
520 49 0
530 0 0
530 1 0
530 2 0
530 3 0
530 4 0
530 5 0
530 6 0
530 7 0
530 8 0
530 9 0
530 10 0
530 11 0
530 12 0
530 13 0
530 14 0
530 15 0
530 16 0
530 17 0
530 18 0
530 19 0
530 20 0
530 21 0
530 22 0
530 23 0
530 24 0
530 25 0
530 26 0
530 27 0
530 28 0
530 29 0
530 30 0
530 31 0
530 32 0
530 33 0
530 34 0
530 35 0
530 36 0
530 37 0
530 38 0
530 39 0
530 40 0
530 41 0
530 42 0
530 43 0
530 44 0
530 45 0
530 46 0
530 47 0
530 48 0
530 49 0
540 0 0
540 1 0
540 2 0
540 3 0
540 4 0
540 5 0
540 6 0
540 7 0
540 8 0
540 9 0
540 10 0
540 11 0
540 12 0
540 13 0
540 14 0
540 15 0
540 16 0
540 17 0
540 18 0
540 19 0
540 20 0
540 21 0
540 22 0
540 23 0
540 24 0
540 25 0
540 26 0
540 27 0
540 28 0
540 29 0
540 30 0
540 31 0
540 32 0
540 33 0
540 34 0
540 35 0
540 36 0
540 37 0
540 38 0
540 39 0
540 40 0
540 41 0
540 42 0
540 43 0
540 44 0
540 45 0
540 46 0
540 47 0
540 48 0
540 49 0
550 0 0
550 1 0
550 2 0
550 3 0
550 4 0
550 5 0
550 6 0
550 7 0
550 8 0
550 9 0
550 10 0
550 11 0
550 12 0
550 13 0
550 14 0
550 15 0
550 16 0
550 17 0
550 18 0
550 19 0
550 20 0
550 21 0
550 22 0
550 23 0
550 24 0
550 25 0
550 26 0
550 27 0
550 28 0
550 29 0
550 30 0
550 31 0
550 32 0
550 33 0
550 34 0
550 35 0
550 36 0
550 37 0
550 38 0
550 39 0
550 40 0
550 41 0
550 42 0
550 43 0
550 44 0
550 45 0
550 46 0
550 47 0
550 48 0
550 49 0
560 0 0
560 1 0
560 2 0
560 3 0
560 4 0
560 5 0
560 6 0
560 7 0
560 8 0
560 9 0
560 10 0
560 11 0
560 12 0
560 13 0
560 14 0
560 15 0
560 16 0
560 17 0
560 18 0
560 19 0
560 20 0
560 21 0
560 22 0
560 23 0
560 24 0
560 25 0
560 26 0
560 27 0
560 28 0
560 29 0
560 30 0
560 31 0
560 32 0
560 33 0
560 34 0
560 35 0
560 36 0
560 37 0
560 38 0
560 39 0
560 40 0
560 41 0
560 42 0
560 43 0
560 44 0
560 45 0
560 46 0
560 47 0
560 48 0
560 49 0
570 0 0
570 1 0
570 2 0
570 3 0
570 4 0
570 5 0
570 6 0
570 7 0
570 8 0
570 9 0
570 10 0
570 11 0
570 12 0
570 13 0
570 14 0
570 15 0
570 16 0
570 17 0
570 18 0
570 19 0
570 20 0
570 21 0
570 22 0
570 23 0
570 24 0
570 25 0
570 26 0
570 27 0
570 28 0
570 29 0
570 30 0
570 31 0
570 32 0
570 33 0
570 34 0
570 35 0
570 36 0
570 37 0
570 38 0
570 39 0
570 40 0
570 41 0
570 42 0
570 43 0
570 44 0
570 45 0
570 46 0
570 47 0
570 48 0
570 49 0
580 0 0
580 1 0
580 2 0
580 3 0
580 4 0
580 5 0
580 6 0
580 7 0
580 8 0
580 9 0
580 10 0
580 11 0
580 12 0
580 13 0
580 14 0
580 15 0
580 16 0
580 17 0
580 18 0
580 19 0
580 20 0
580 21 0
580 22 0
580 23 0
580 24 0
580 25 0
580 26 0
580 27 0
580 28 0
580 29 0
580 30 0
580 31 0
580 32 0
580 33 0
580 34 0
580 35 0
580 36 0
580 37 0
580 38 0
580 39 0
580 40 0
580 41 0
580 42 0
580 43 0
580 44 0
580 45 0
580 46 0
580 47 0
580 48 0
580 49 0
590 0 0
590 1 0
590 2 0
590 3 0
590 4 0
590 5 0
590 6 0
590 7 0
590 8 0
590 9 0
590 10 0
590 11 0
590 12 0
590 13 0
590 14 0
590 15 0
590 16 0
590 17 0
590 18 0
590 19 0
590 20 0
590 21 0
590 22 0
590 23 0
590 24 0
590 25 0
590 26 0
590 27 0
590 28 0
590 29 0
590 30 0
590 31 0
590 32 0
590 33 0
590 34 0
590 35 0
590 36 0
590 37 0
590 38 0
590 39 0
590 40 0
590 41 0
590 42 0
590 43 0
590 44 0
590 45 0
590 46 0
590 47 0
590 48 0
590 49 0
600 0 0
600 1 0
600 2 0
600 3 0
600 4 0
600 5 0
600 6 0
600 7 0
600 8 0
600 9 0
600 10 0
600 11 0
600 12 0
600 13 0
600 14 0
600 15 0
600 16 0
600 17 0
600 18 0
600 19 0
600 20 0
600 21 0
600 22 0
600 23 0
600 24 0
600 25 0
600 26 0
600 27 0
600 28 0
600 29 0
600 30 0
600 31 0
600 32 0
600 33 0
600 34 0
600 35 0
600 36 0
600 37 0
600 38 0
600 39 0
600 40 0
600 41 0
600 42 0
600 43 0
600 44 0
600 45 0
600 46 0
600 47 0
600 48 0
600 49 0
610 0 0
610 1 0
610 2 0
610 3 0
610 4 0
610 5 0
610 6 0
610 7 0
610 8 0
610 9 0
610 10 0
610 11 0
610 12 0
610 13 0
610 14 0
610 15 0
610 16 0
610 17 0
610 18 0
610 19 0
610 20 0
610 21 0
610 22 0
610 23 0
610 24 0
610 25 0
610 26 0
610 27 0
610 28 0
610 29 0
610 30 0
610 31 0
610 32 0
610 33 0
610 34 0
610 35 0
610 36 0
610 37 0
610 38 0
610 39 0
610 40 0
610 41 0
610 42 0
610 43 0
610 44 0
610 45 0
610 46 0
610 47 0
610 48 0
610 49 0
620 0 0
620 1 0
620 2 0
620 3 0
620 4 0
620 5 0
620 6 0
620 7 0
620 8 0
620 9 0
620 10 0
620 11 0
620 12 0
620 13 0
620 14 0
620 15 0
620 16 0
620 17 0
620 18 0
620 19 0
620 20 0
620 21 0
620 22 0
620 23 0
620 24 0
620 25 0
620 26 0
620 27 0
620 28 0
620 29 0
620 30 0
620 31 0
620 32 0
620 33 0
620 34 0
620 35 0
620 36 0
620 37 0
620 38 0
620 39 0
620 40 0
620 41 0
620 42 0
620 43 0
620 44 0
620 45 0
620 46 0
620 47 0
620 48 0
620 49 0
630 0 0
630 1 0
630 2 0
630 3 0
630 4 0
630 5 0
630 6 0
630 7 0
630 8 0
630 9 0
630 10 0
630 11 0
630 12 0
630 13 0
630 14 0
630 15 0
630 16 0
630 17 0
630 18 0
630 19 0
630 20 0
630 21 0
630 22 0
630 23 0
630 24 0
630 25 0
630 26 0
630 27 0
630 28 0
630 29 0
630 30 0
630 31 0
630 32 0
630 33 0
630 34 0
630 35 0
630 36 0
630 37 0
630 38 0
630 39 0
630 40 0
630 41 0
630 42 0
630 43 0
630 44 0
630 45 0
630 46 0
630 47 0
630 48 0
630 49 0
640 0 0
640 1 0
640 2 0
640 3 0
640 4 0
640 5 0
640 6 0
640 7 0
640 8 0
640 9 0
640 10 0
640 11 0
640 12 0
640 13 0
640 14 0
640 15 0
640 16 0
640 17 0
640 18 0
640 19 0
640 20 0
640 21 0
640 22 0
640 23 0
640 24 0
640 25 0
640 26 0
640 27 0
640 28 0
640 29 0
640 30 0
640 31 0
640 32 0
640 33 0
640 34 0
640 35 0
640 36 0
640 37 0
640 38 0
640 39 0
640 40 0
640 41 0
640 42 0
640 43 0
640 44 0
640 45 0
640 46 0
640 47 0
640 48 0
640 49 0
650 0 0
650 1 0
650 2 0
650 3 0
650 4 0
650 5 0
650 6 0
650 7 0
650 8 0
650 9 0
650 10 0
650 11 0
650 12 0
650 13 0
650 14 0
650 15 0
650 16 0
650 17 0
650 18 0
650 19 0
650 20 0
650 21 0
650 22 0
650 23 0
650 24 0
650 25 0
650 26 0
650 27 0
650 28 0
650 29 0
650 30 0
650 31 0
650 32 0
650 33 0
650 34 0
650 35 0
650 36 0
650 37 0
650 38 0
650 39 0
650 40 0
650 41 0
650 42 0
650 43 0
650 44 0
650 45 0
650 46 0
650 47 0
650 48 0
650 49 0
660 0 0
660 1 0
660 2 0
660 3 0
660 4 0
660 5 0
660 6 0
660 7 0
660 8 0
660 9 0
660 10 0
660 11 0
660 12 0
660 13 0
660 14 0
660 15 0
660 16 0
660 17 0
660 18 0
660 19 0
660 20 0
660 21 0
660 22 0
660 23 0
660 24 0
660 25 0
660 26 0
660 27 0
660 28 0
660 29 0
660 30 0
660 31 0
660 32 0
660 33 0
660 34 0
660 35 0
660 36 0
660 37 0
660 38 0
660 39 0
660 40 0
660 41 0
660 42 0
660 43 0
660 44 0
660 45 0
660 46 0
660 47 0
660 48 0
660 49 0
670 0 0
670 1 0
670 2 0
670 3 0
670 4 0
670 5 0
670 6 0
670 7 0
670 8 0
670 9 0
670 10 0
670 11 0
670 12 0
670 13 0
670 14 0
670 15 0
670 16 0
670 17 0
670 18 0
670 19 0
670 20 0
670 21 0
670 22 0
670 23 0
670 24 0
670 25 0
670 26 0
670 27 0
670 28 0
670 29 0
670 30 0
670 31 0
670 32 0
670 33 0
670 34 0
670 35 0
670 36 0
670 37 0
670 38 0
670 39 0
670 40 0
670 41 0
670 42 0
670 43 0
670 44 0
670 45 0
670 46 0
670 47 0
670 48 0
670 49 0
680 0 0
680 1 0
680 2 0
680 3 0
680 4 0
680 5 0
680 6 0
680 7 0
680 8 0
680 9 0
680 10 0
680 11 0
680 12 0
680 13 0
680 14 0
680 15 0
680 16 0
680 17 0
680 18 0
680 19 0
680 20 0
680 21 0
680 22 0
680 23 0
680 24 0
680 25 0
680 26 0
680 27 0
680 28 0
680 29 0
680 30 0
680 31 0
680 32 0
680 33 0
680 34 0
680 35 0
680 36 0
680 37 0
680 38 0
680 39 0
680 40 0
680 41 0
680 42 0
680 43 0
680 44 0
680 45 0
680 46 0
680 47 0
680 48 0
680 49 0
690 0 0
690 1 0
690 2 0
690 3 0
690 4 0
690 5 0
690 6 0
690 7 0
690 8 0
690 9 0
690 10 0
690 11 0
690 12 0
690 13 0
690 14 0
690 15 0
690 16 0
690 17 0
690 18 0
690 19 0
690 20 0
690 21 0
690 22 0
690 23 0
690 24 0
690 25 0
690 26 0
690 27 0
690 28 0
690 29 0
690 30 0
690 31 0
690 32 0
690 33 0
690 34 0
690 35 0
690 36 0
690 37 0
690 38 0
690 39 0
690 40 0
690 41 0
690 42 0
690 43 0
690 44 0
690 45 0
690 46 0
690 47 0
690 48 0
690 49 0
700 0 0
700 1 0
700 2 0
700 3 0
700 4 0
700 5 0
700 6 0
700 7 0
700 8 0
700 9 0
700 10 0
700 11 0
700 12 0
700 13 0
700 14 0
700 15 0
700 16 0
700 17 0
700 18 0
700 19 0
700 20 0
700 21 0
700 22 0
700 23 0
700 24 0
700 25 0
700 26 0
700 27 0
700 28 0
700 29 0
700 30 0
700 31 0
700 32 0
700 33 0
700 34 0
700 35 0
700 36 0
700 37 0
700 38 0
700 39 0
700 40 0
700 41 0
700 42 0
700 43 0
700 44 0
700 45 0
700 46 0
700 47 0
700 48 0
700 49 0
710 0 0
710 1 0
710 2 0
710 3 0
710 4 0
710 5 0
710 6 0
710 7 0
710 8 0
710 9 0
710 10 0
710 11 0
710 12 0
710 13 0
710 14 0
710 15 0
710 16 0
710 17 0
710 18 0
710 19 0
710 20 0
710 21 0
710 22 0
710 23 0
710 24 0
710 25 0
710 26 0
710 27 0
710 28 0
710 29 0
710 30 0
710 31 0
710 32 0
710 33 0
710 34 0
710 35 0
710 36 0
710 37 0
710 38 0
710 39 0
710 40 0
710 41 0
710 42 0
710 43 0
710 44 0
710 45 0
710 46 0
710 47 0
710 48 0
710 49 0
720 0 0
720 1 0
720 2 0
720 3 0
720 4 0
720 5 0
720 6 0
720 7 0
720 8 0
720 9 0
720 10 0
720 11 0
720 12 0
720 13 0
720 14 0
720 15 0
720 16 0
720 17 0
720 18 0
720 19 0
720 20 0
720 21 0
720 22 0
720 23 0
720 24 0
720 25 0
720 26 0
720 27 0
720 28 0
720 29 0
720 30 0
720 31 0
720 32 0
720 33 0
720 34 0
720 35 0
720 36 0
720 37 0
720 38 0
720 39 0
720 40 0
720 41 0
720 42 0
720 43 0
720 44 0
720 45 0
720 46 0
720 47 0
720 48 0
720 49 0
730 0 0
730 1 0
730 2 0
730 3 0
730 4 0
730 5 0
730 6 0
730 7 0
730 8 0
730 9 0
730 10 0
730 11 0
730 12 0
730 13 0
730 14 0
730 15 0
730 16 0
730 17 0
730 18 0
730 19 0
730 20 0
730 21 0
730 22 0
730 23 0
730 24 0
730 25 0
730 26 0
730 27 0
730 28 0
730 29 0
730 30 0
730 31 0
730 32 0
730 33 0
730 34 0
730 35 0
730 36 0
730 37 0
730 38 0
730 39 0
730 40 0
730 41 0
730 42 0
730 43 0
730 44 0
730 45 0
730 46 0
730 47 0
730 48 0
730 49 0
740 0 0
740 1 0
740 2 0
740 3 0
740 4 0
740 5 0
740 6 0
740 7 0
740 8 0
740 9 0
740 10 0
740 11 0
740 12 0
740 13 0
740 14 0
740 15 0
740 16 0
740 17 0
740 18 0
740 19 0
740 20 0
740 21 0
740 22 0
740 23 0
740 24 0
740 25 0
740 26 0
740 27 0
740 28 0
740 29 0
740 30 0
740 31 0
740 32 0
740 33 0
740 34 0
740 35 0
740 36 0
740 37 0
740 38 0
740 39 0
740 40 0
740 41 0
740 42 0
740 43 0
740 44 0
740 45 0
740 46 0
740 47 0
740 48 0
740 49 0
750 0 0
750 1 0
750 2 0
750 3 0
750 4 0
750 5 0
750 6 0
750 7 0
750 8 0
750 9 0
750 10 0
750 11 0
750 12 0
750 13 0
750 14 0
750 15 0
750 16 0
750 17 0
750 18 0
750 19 0
750 20 0
750 21 0
750 22 0
750 23 0
750 24 0
750 25 0
750 26 0
750 27 0
750 28 0
750 29 0
750 30 0
750 31 0
750 32 0
750 33 0
750 34 0
750 35 0
750 36 0
750 37 0
750 38 0
750 39 0
750 40 0
750 41 0
750 42 0
750 43 0
750 44 0
750 45 0
750 46 0
750 47 0
750 48 0
750 49 0
760 0 0
760 1 0
760 2 0
760 3 0
760 4 0
760 5 0
760 6 0
760 7 0
760 8 0
760 9 0
760 10 0
760 11 0
760 12 0
760 13 0
760 14 0
760 15 0
760 16 0
760 17 0
760 18 0
760 19 0
760 20 0
760 21 0
760 22 0
760 23 0
760 24 0
760 25 0
760 26 0
760 27 0
760 28 0
760 29 0
760 30 0
760 31 0
760 32 0
760 33 0
760 34 0
760 35 0
760 36 0
760 37 0
760 38 0
760 39 0
760 40 0
760 41 0
760 42 0
760 43 0
760 44 0
760 45 0
760 46 0
760 47 0
760 48 0
760 49 0
770 0 0
770 1 0
770 2 0
770 3 0
770 4 0
770 5 0
770 6 0
770 7 0
770 8 0
770 9 0
770 10 0
770 11 0
770 12 0
770 13 0
770 14 0
770 15 0
770 16 0
770 17 0
770 18 0
770 19 0
770 20 0
770 21 0
770 22 0
770 23 0
770 24 0
770 25 0
770 26 0
770 27 0
770 28 0
770 29 0
770 30 0
770 31 0
770 32 0
770 33 0
770 34 0
770 35 0
770 36 0
770 37 0
770 38 0
770 39 0
770 40 0
770 41 0
770 42 0
770 43 0
770 44 0
770 45 0
770 46 0
770 47 0
770 48 0
770 49 0
780 0 0
780 1 0
780 2 0
780 3 0
780 4 0
780 5 0
780 6 0
780 7 0
780 8 0
780 9 0
780 10 0
780 11 0
780 12 0
780 13 0
780 14 0
780 15 0
780 16 0
780 17 0
780 18 0
780 19 0
780 20 0
780 21 0
780 22 0
780 23 0
780 24 0
780 25 0
780 26 0
780 27 0
780 28 0
780 29 0
780 30 0
780 31 0
780 32 0
780 33 0
780 34 0
780 35 0
780 36 0
780 37 0
780 38 0
780 39 0
780 40 0
780 41 0
780 42 0
780 43 0
780 44 0
780 45 0
780 46 0
780 47 0
780 48 0
780 49 0
790 0 0
790 1 0
790 2 0
790 3 0
790 4 0
790 5 0
790 6 0
790 7 0
790 8 0
790 9 0
790 10 0
790 11 0
790 12 0
790 13 0
790 14 0
790 15 0
790 16 0
790 17 0
790 18 0
790 19 0
790 20 0
790 21 0
790 22 0
790 23 0
790 24 0
790 25 0
790 26 0
790 27 0
790 28 0
790 29 0
790 30 0
790 31 0
790 32 0
790 33 0
790 34 0
790 35 0
790 36 0
790 37 0
790 38 0
790 39 0
790 40 0
790 41 0
790 42 0
790 43 0
790 44 0
790 45 0
790 46 0
790 47 0
790 48 0
790 49 0
800 0 0
800 1 0
800 2 0
800 3 0
800 4 0
800 5 0
800 6 0
800 7 0
800 8 0
800 9 0
800 10 0
800 11 0
800 12 0
800 13 0
800 14 0
800 15 0
800 16 0
800 17 0
800 18 0
800 19 0
800 20 0
800 21 0
800 22 0
800 23 0
800 24 0
800 25 0
800 26 0
800 27 0
800 28 0
800 29 0
800 30 0
800 31 0
800 32 0
800 33 0
800 34 0
800 35 0
800 36 0
800 37 0
800 38 0
800 39 0
800 40 0
800 41 0
800 42 0
800 43 0
800 44 0
800 45 0
800 46 0
800 47 0
800 48 0
800 49 0
810 0 0
810 1 0
810 2 0
810 3 0
810 4 0
810 5 0
810 6 0
810 7 0
810 8 0
810 9 0
810 10 0
810 11 0
810 12 0
810 13 0
810 14 0
810 15 0
810 16 0
810 17 0
810 18 0
810 19 0
810 20 0
810 21 0
810 22 0
810 23 0
810 24 0
810 25 0
810 26 0
810 27 0
810 28 0
810 29 0
810 30 0
810 31 0
810 32 0
810 33 0
810 34 0
810 35 0
810 36 0
810 37 0
810 38 0
810 39 0
810 40 0
810 41 0
810 42 0
810 43 0
810 44 0
810 45 0
810 46 0
810 47 0
810 48 0
810 49 0
820 0 0
820 1 0
820 2 0
820 3 0
820 4 0
820 5 0
820 6 0
820 7 0
820 8 0
820 9 0
820 10 0
820 11 0
820 12 0
820 13 0
820 14 0
820 15 0
820 16 0
820 17 0
820 18 0
820 19 0
820 20 0
820 21 0
820 22 0
820 23 0
820 24 0
820 25 0
820 26 0
820 27 0
820 28 0
820 29 0
820 30 0
820 31 0
820 32 0
820 33 0
820 34 0
820 35 0
820 36 0
820 37 0
820 38 0
820 39 0
820 40 0
820 41 0
820 42 0
820 43 0
820 44 0
820 45 0
820 46 0
820 47 0
820 48 0
820 49 0
830 0 0
830 1 0
830 2 0
830 3 0
830 4 0
830 5 0
830 6 0
830 7 0
830 8 0
830 9 0
830 10 0
830 11 0
830 12 0
830 13 0
830 14 0
830 15 0
830 16 0
830 17 0
830 18 0
830 19 0
830 20 0
830 21 0
830 22 0
830 23 0
830 24 0
830 25 0
830 26 0
830 27 0
830 28 0
830 29 0
830 30 0
830 31 0
830 32 0
830 33 0
830 34 0
830 35 0
830 36 0
830 37 0
830 38 0
830 39 0
830 40 0
830 41 0
830 42 0
830 43 0
830 44 0
830 45 0
830 46 0
830 47 0
830 48 0
830 49 0
840 0 0
840 1 0
840 2 0
840 3 0
840 4 0
840 5 0
840 6 0
840 7 0
840 8 0
840 9 0
840 10 0
840 11 0
840 12 0
840 13 0
840 14 0
840 15 0
840 16 0
840 17 0
840 18 0
840 19 0
840 20 0
840 21 0
840 22 0
840 23 0
840 24 0
840 25 0
840 26 0
840 27 0
840 28 0
840 29 0
840 30 0
840 31 0
840 32 0
840 33 0
840 34 0
840 35 0
840 36 0
840 37 0
840 38 0
840 39 0
840 40 0
840 41 0
840 42 0
840 43 0
840 44 0
840 45 0
840 46 0
840 47 0
840 48 0
840 49 0
850 0 0
850 1 0
850 2 0
850 3 0
850 4 0
850 5 0
850 6 0
850 7 0
850 8 0
850 9 0
850 10 0
850 11 0
850 12 0
850 13 0
850 14 0
850 15 0
850 16 0
850 17 0
850 18 0
850 19 0
850 20 0
850 21 0
850 22 0
850 23 0
850 24 0
850 25 0
850 26 0
850 27 0
850 28 0
850 29 0
850 30 0
850 31 0
850 32 0
850 33 0
850 34 0
850 35 0
850 36 0
850 37 0
850 38 0
850 39 0
850 40 0
850 41 0
850 42 0
850 43 0
850 44 0
850 45 0
850 46 0
850 47 0
850 48 0
850 49 0
860 0 0
860 1 0
860 2 0
860 3 0
860 4 0
860 5 0
860 6 0
860 7 0
860 8 0
860 9 0
860 10 0
860 11 0
860 12 0
860 13 0
860 14 0
860 15 0
860 16 0
860 17 0
860 18 0
860 19 0
860 20 0
860 21 0
860 22 0
860 23 0
860 24 0
860 25 0
860 26 0
860 27 0
860 28 0
860 29 0
860 30 0
860 31 0
860 32 0
860 33 0
860 34 0
860 35 0
860 36 0
860 37 0
860 38 0
860 39 0
860 40 0
860 41 0
860 42 0
860 43 0
860 44 0
860 45 0
860 46 0
860 47 0
860 48 0
860 49 0
870 0 0
870 1 0
870 2 0
870 3 0
870 4 0
870 5 0
870 6 0
870 7 0
870 8 0
870 9 0
870 10 0
870 11 0
870 12 0
870 13 0
870 14 0
870 15 0
870 16 0
870 17 0
870 18 0
870 19 0
870 20 0
870 21 0
870 22 0
870 23 0
870 24 0
870 25 0
870 26 0
870 27 0
870 28 0
870 29 0
870 30 0
870 31 0
870 32 0
870 33 0
870 34 0
870 35 0
870 36 0
870 37 0
870 38 0
870 39 0
870 40 0
870 41 0
870 42 0
870 43 0
870 44 0
870 45 0
870 46 0
870 47 0
870 48 0
870 49 0
880 0 0
880 1 0
880 2 0
880 3 0
880 4 0
880 5 0
880 6 0
880 7 0
880 8 0
880 9 0
880 10 0
880 11 0
880 12 0
880 13 0
880 14 0
880 15 0
880 16 0
880 17 0
880 18 0
880 19 0
880 20 0
880 21 0
880 22 0
880 23 0
880 24 0
880 25 0
880 26 0
880 27 0
880 28 0
880 29 0
880 30 0
880 31 0
880 32 0
880 33 0
880 34 0
880 35 0
880 36 0
880 37 0
880 38 0
880 39 0
880 40 0
880 41 0
880 42 0
880 43 0
880 44 0
880 45 0
880 46 0
880 47 0
880 48 0
880 49 0
890 0 0
890 1 0
890 2 0
890 3 0
890 4 0
890 5 0
890 6 0
890 7 0
890 8 0
890 9 0
890 10 0
890 11 0
890 12 0
890 13 0
890 14 0
890 15 0
890 16 0
890 17 0
890 18 0
890 19 0
890 20 0
890 21 0
890 22 0
890 23 0
890 24 0
890 25 0
890 26 0
890 27 0
890 28 0
890 29 0
890 30 0
890 31 0
890 32 0
890 33 0
890 34 0
890 35 0
890 36 0
890 37 0
890 38 0
890 39 0
890 40 0
890 41 0
890 42 0
890 43 0
890 44 0
890 45 0
890 46 0
890 47 0
890 48 0
890 49 0
900 0 0
900 1 0
900 2 0
900 3 0
900 4 0
900 5 0
900 6 0
900 7 0
900 8 0
900 9 0
900 10 0
900 11 0
900 12 0
900 13 0
900 14 0
900 15 0
900 16 0
900 17 0
900 18 0
900 19 0
900 20 0
900 21 0
900 22 0
900 23 0
900 24 0
900 25 0
900 26 0
900 27 0
900 28 0
900 29 0
900 30 0
900 31 0
900 32 0
900 33 0
900 34 0
900 35 0
900 36 0
900 37 0
900 38 0
900 39 0
900 40 0
900 41 0
900 42 0
900 43 0
900 44 0
900 45 0
900 46 0
900 47 0
900 48 0
900 49 0
910 0 0
910 1 0
910 2 0
910 3 0
910 4 0
910 5 0
910 6 0
910 7 0
910 8 0
910 9 0
910 10 0
910 11 0
910 12 0
910 13 0
910 14 0
910 15 0
910 16 0
910 17 0
910 18 0
910 19 0
910 20 0
910 21 0
910 22 0
910 23 0
910 24 0
910 25 0
910 26 0
910 27 0
910 28 0
910 29 0
910 30 0
910 31 0
910 32 0
910 33 0
910 34 0
910 35 0
910 36 0
910 37 0
910 38 0
910 39 0
910 40 0
910 41 0
910 42 0
910 43 0
910 44 0
910 45 0
910 46 0
910 47 0
910 48 0
910 49 0
920 0 0
920 1 0
920 2 0
920 3 0
920 4 0
920 5 0
920 6 0
920 7 0
920 8 0
920 9 0
920 10 0
920 11 0
920 12 0
920 13 0
920 14 0
920 15 0
920 16 0
920 17 0
920 18 0
920 19 0
920 20 0
920 21 0
920 22 0
920 23 0
920 24 0
920 25 0
920 26 0
920 27 0
920 28 0
920 29 0
920 30 0
920 31 0
920 32 0
920 33 0
920 34 0
920 35 0
920 36 0
920 37 0
920 38 0
920 39 0
920 40 0
920 41 0
920 42 0
920 43 0
920 44 0
920 45 0
920 46 0
920 47 0
920 48 0
920 49 0
930 0 0
930 1 0
930 2 0
930 3 0
930 4 0
930 5 0
930 6 0
930 7 0
930 8 0
930 9 0
930 10 0
930 11 0
930 12 0
930 13 0
930 14 0
930 15 0
930 16 0
930 17 0
930 18 0
930 19 0
930 20 0
930 21 0
930 22 0
930 23 0
930 24 0
930 25 0
930 26 0
930 27 0
930 28 0
930 29 0
930 30 0
930 31 0
930 32 0
930 33 0
930 34 0
930 35 0
930 36 0
930 37 0
930 38 0
930 39 0
930 40 0
930 41 0
930 42 0
930 43 0
930 44 0
930 45 0
930 46 0
930 47 0
930 48 0
930 49 0
940 0 0
940 1 0
940 2 0
940 3 0
940 4 0
940 5 0
940 6 0
940 7 0
940 8 0
940 9 0
940 10 0
940 11 0
940 12 0
940 13 0
940 14 0
940 15 0
940 16 0
940 17 0
940 18 0
940 19 0
940 20 0
940 21 0
940 22 0
940 23 0
940 24 0
940 25 0
940 26 0
940 27 0
940 28 0
940 29 0
940 30 0
940 31 0
940 32 0
940 33 0
940 34 0
940 35 0
940 36 0
940 37 0
940 38 0
940 39 0
940 40 0
940 41 0
940 42 0
940 43 0
940 44 0
940 45 0
940 46 0
940 47 0
940 48 0
940 49 0
950 0 0
950 1 0
950 2 0
950 3 0
950 4 0
950 5 0
950 6 0
950 7 0
950 8 0
950 9 0
950 10 0
950 11 0
950 12 0
950 13 0
950 14 0
950 15 0
950 16 0
950 17 0
950 18 0
950 19 0
950 20 0
950 21 0
950 22 0
950 23 0
950 24 0
950 25 0
950 26 0
950 27 0
950 28 0
950 29 0
950 30 0
950 31 0
950 32 0
950 33 0
950 34 0
950 35 0
950 36 0
950 37 0
950 38 0
950 39 0
950 40 0
950 41 0
950 42 0
950 43 0
950 44 0
950 45 0
950 46 0
950 47 0
950 48 0
950 49 0
960 0 0
960 1 0
960 2 0
960 3 0
960 4 0
960 5 0
960 6 0
960 7 0
960 8 0
960 9 0
960 10 0
960 11 0
960 12 0
960 13 0
960 14 0
960 15 0
960 16 0
960 17 0
960 18 0
960 19 0
960 20 0
960 21 0
960 22 0
960 23 0
960 24 0
960 25 0
960 26 0
960 27 0
960 28 0
960 29 0
960 30 0
960 31 0
960 32 0
960 33 0
960 34 0
960 35 0
960 36 0
960 37 0
960 38 0
960 39 0
960 40 0
960 41 0
960 42 0
960 43 0
960 44 0
960 45 0
960 46 0
960 47 0
960 48 0
960 49 0
970 0 0
970 1 0
970 2 0
970 3 0
970 4 0
970 5 0
970 6 0
970 7 0
970 8 0
970 9 0
970 10 0
970 11 0
970 12 0
970 13 0
970 14 0
970 15 0
970 16 0
970 17 0
970 18 0
970 19 0
970 20 0
970 21 0
970 22 0
970 23 0
970 24 0
970 25 0
970 26 0
970 27 0
970 28 0
970 29 0
970 30 0
970 31 0
970 32 0
970 33 0
970 34 0
970 35 0
970 36 0
970 37 0
970 38 0
970 39 0
970 40 0
970 41 0
970 42 0
970 43 0
970 44 0
970 45 0
970 46 0
970 47 0
970 48 0
970 49 0
980 0 0
980 1 0
980 2 0
980 3 0
980 4 0
980 5 0
980 6 0
980 7 0
980 8 0
980 9 0
980 10 0
980 11 0
980 12 0
980 13 0
980 14 0
980 15 0
980 16 0
980 17 0
980 18 0
980 19 0
980 20 0
980 21 0
980 22 0
980 23 0
980 24 0
980 25 0
980 26 0
980 27 0
980 28 0
980 29 0
980 30 0
980 31 0
980 32 0
980 33 0
980 34 0
980 35 0
980 36 0
980 37 0
980 38 0
980 39 0
980 40 0
980 41 0
980 42 0
980 43 0
980 44 0
980 45 0
980 46 0
980 47 0
980 48 0
980 49 0
990 0 0
990 1 0
990 2 0
990 3 0
990 4 0
990 5 0
990 6 0
990 7 0
990 8 0
990 9 0
990 10 0
990 11 0
990 12 0
990 13 0
990 14 0
990 15 0
990 16 0
990 17 0
990 18 0
990 19 0
990 20 0
990 21 0
990 22 0
990 23 0
990 24 0
990 25 0
990 26 0
990 27 0
990 28 0
990 29 0
990 30 0
990 31 0
990 32 0
990 33 0
990 34 0
990 35 0
990 36 0
990 37 0
990 38 0
990 39 0
990 40 0
990 41 0
990 42 0
990 43 0
990 44 0
990 45 0
990 46 0
990 47 0
990 48 0
990 49 0
1000 0 0
1000 1 0
1000 2 0
1000 3 0
1000 4 0
1000 5 0
1000 6 0
1000 7 0
1000 8 0
1000 9 0
1000 10 0
1000 11 0
1000 12 0
1000 13 0
1000 14 0
1000 15 0
1000 16 0
1000 17 0
1000 18 0
1000 19 0
1000 20 0
1000 21 0
1000 22 0
1000 23 0
1000 24 0
1000 25 0
1000 26 0
1000 27 0
1000 28 0
1000 29 0
1000 30 0
1000 31 0
1000 32 0
1000 33 0
1000 34 0
1000 35 0
1000 36 0
1000 37 0
1000 38 0
1000 39 0
1000 40 0
1000 41 0
1000 42 0
1000 43 0
1000 44 0
1000 45 0
1000 46 0
1000 47 0
1000 48 0
1000 49 0
1010 0 42
1010 1 0
1010 2 0
1010 3 0
1010 4 0
1010 5 0
1010 6 0
1010 7 0
1010 8 0
1010 9 0
1010 10 0
1010 11 0
1010 12 0
1010 13 0
1010 14 0
1010 15 0
1010 16 0
1010 17 0
1010 18 0
1010 19 0
1010 20 0
1010 21 0
1010 22 0
1010 23 0
1010 24 0
1010 25 0
1010 26 0
1010 27 0
1010 28 0
1010 29 0
1010 30 0
1010 31 0
1010 32 0
1010 33 0
1010 34 0
1010 35 0
1010 36 0
1010 37 0
1010 38 0
1010 39 0
1010 40 0
1010 41 0
1010 42 0
1010 43 0
1010 44 0
1010 45 0
1010 46 0
1010 47 0
1010 48 0
1010 49 0
1020 0 42
1020 1 0
1020 2 0
1020 3 0
1020 4 0
1020 5 0
1020 6 0
1020 7 0
1020 8 0
1020 9 0
1020 10 0
1020 11 0
1020 12 0
1020 13 0
1020 14 0
1020 15 0
1020 16 0
1020 17 0
1020 18 0
1020 19 0
1020 20 0
1020 21 0
1020 22 0
1020 23 0
1020 24 0
1020 25 0
1020 26 0
1020 27 0
1020 28 0
1020 29 0
1020 30 0
1020 31 0
1020 32 0
1020 33 0
1020 34 0
1020 35 0
1020 36 0
1020 37 0
1020 38 0
1020 39 0
1020 40 0
1020 41 0
1020 42 0
1020 43 0
1020 44 0
1020 45 0
1020 46 0
1020 47 0
1020 48 0
1020 49 0
1030 0 42
1030 1 0
1030 2 0
1030 3 0
1030 4 0
1030 5 0
1030 6 0
1030 7 0
1030 8 0
1030 9 0
1030 10 0
1030 11 0
1030 12 0
1030 13 0
1030 14 0
1030 15 0
1030 16 0
1030 17 0
1030 18 0
1030 19 0
1030 20 0
1030 21 0
1030 22 0
1030 23 0
1030 24 0
1030 25 0
1030 26 0
1030 27 0
1030 28 0
1030 29 0
1030 30 0
1030 31 0
1030 32 0
1030 33 0
1030 34 0
1030 35 0
1030 36 0
1030 37 0
1030 38 0
1030 39 0
1030 40 0
1030 41 0
1030 42 0
1030 43 0
1030 44 0
1030 45 0
1030 46 0
1030 47 0
1030 48 0
1030 49 0
1040 0 42
1040 1 0
1040 2 0
1040 3 0
1040 4 0
1040 5 0
1040 6 0
1040 7 0
1040 8 0
1040 9 0
1040 10 0
1040 11 0
1040 12 0
1040 13 0
1040 14 0
1040 15 0
1040 16 0
1040 17 0
1040 18 0
1040 19 0
1040 20 0
1040 21 0
1040 22 0
1040 23 0
1040 24 0
1040 25 0
1040 26 0
1040 27 0
1040 28 0
1040 29 0
1040 30 0
1040 31 0
1040 32 0
1040 33 0
1040 34 0
1040 35 0
1040 36 0
1040 37 0
1040 38 0
1040 39 0
1040 40 0
1040 41 0
1040 42 0
1040 43 0
1040 44 0
1040 45 0
1040 46 0
1040 47 0
1040 48 0
1040 49 0
1050 0 42
1050 1 0
1050 2 0
1050 3 0
1050 4 0
1050 5 0
1050 6 0
1050 7 0
1050 8 0
1050 9 0
1050 10 0
1050 11 0
1050 12 0
1050 13 0
1050 14 0
1050 15 0
1050 16 0
1050 17 0
1050 18 0
1050 19 0
1050 20 0
1050 21 0
1050 22 0
1050 23 0
1050 24 0
1050 25 0
1050 26 0
1050 27 0
1050 28 0
1050 29 0
1050 30 0
1050 31 0
1050 32 0
1050 33 0
1050 34 0
1050 35 0
1050 36 0
1050 37 0
1050 38 0
1050 39 0
1050 40 0
1050 41 0
1050 42 0
1050 43 0
1050 44 0
1050 45 0
1050 46 0
1050 47 0
1050 48 0
1050 49 0
1060 0 42
1060 1 0
1060 2 0
1060 3 0
1060 4 0
1060 5 0
1060 6 0
1060 7 0
1060 8 0
1060 9 0
1060 10 0
1060 11 0
1060 12 0
1060 13 0
1060 14 0
1060 15 0
1060 16 0
1060 17 0
1060 18 0
1060 19 0
1060 20 0
1060 21 0
1060 22 0
1060 23 0
1060 24 0
1060 25 0
1060 26 0
1060 27 0
1060 28 0
1060 29 0
1060 30 0
1060 31 0
1060 32 0
1060 33 0
1060 34 0
1060 35 0
1060 36 0
1060 37 0
1060 38 0
1060 39 0
1060 40 0
1060 41 0
1060 42 0
1060 43 0
1060 44 0
1060 45 0
1060 46 0
1060 47 0
1060 48 0
1060 49 0
1070 0 42
1070 1 0
1070 2 0
1070 3 0
1070 4 0
1070 5 0
1070 6 0
1070 7 0
1070 8 0
1070 9 0
1070 10 0
1070 11 0
1070 12 0
1070 13 0
1070 14 0
1070 15 0
1070 16 0
1070 17 0
1070 18 0
1070 19 0
1070 20 0
1070 21 0
1070 22 0
1070 23 0
1070 24 0
1070 25 0
1070 26 0
1070 27 0
1070 28 0
1070 29 0
1070 30 0
1070 31 0
1070 32 0
1070 33 0
1070 34 0
1070 35 0
1070 36 0
1070 37 0
1070 38 0
1070 39 0
1070 40 0
1070 41 0
1070 42 0
1070 43 0
1070 44 0
1070 45 0
1070 46 0
1070 47 0
1070 48 0
1070 49 0
1080 0 42
1080 1 0
1080 2 0
1080 3 0
1080 4 0
1080 5 0
1080 6 0
1080 7 0
1080 8 0
1080 9 0
1080 10 0
1080 11 0
1080 12 0
1080 13 0
1080 14 0
1080 15 0
1080 16 0
1080 17 0
1080 18 0
1080 19 0
1080 20 0
1080 21 0
1080 22 0
1080 23 0
1080 24 0
1080 25 0
1080 26 0
1080 27 0
1080 28 0
1080 29 0
1080 30 0
1080 31 0
1080 32 0
1080 33 0
1080 34 0
1080 35 0
1080 36 0
1080 37 0
1080 38 0
1080 39 0
1080 40 0
1080 41 0
1080 42 0
1080 43 0
1080 44 0
1080 45 0
1080 46 0
1080 47 0
1080 48 0
1080 49 0
1090 0 42
1090 1 0
1090 2 0
1090 3 0
1090 4 0
1090 5 0
1090 6 0
1090 7 0
1090 8 0
1090 9 0
1090 10 0
1090 11 0
1090 12 0
1090 13 0
1090 14 0
1090 15 0
1090 16 0
1090 17 0
1090 18 0
1090 19 0
1090 20 0
1090 21 0
1090 22 0
1090 23 0
1090 24 0
1090 25 0
1090 26 0
1090 27 0
1090 28 0
1090 29 0
1090 30 0
1090 31 0
1090 32 0
1090 33 0
1090 34 0
1090 35 0
1090 36 0
1090 37 0
1090 38 0
1090 39 0
1090 40 0
1090 41 0
1090 42 0
1090 43 0
1090 44 0
1090 45 0
1090 46 0
1090 47 0
1090 48 0
1090 49 0
1100 0 42
1100 1 0
1100 2 0
1100 3 0
1100 4 0
1100 5 0
1100 6 0
1100 7 0
1100 8 0
1100 9 0
1100 10 0
1100 11 0
1100 12 0
1100 13 0
1100 14 0
1100 15 0
1100 16 0
1100 17 0
1100 18 0
1100 19 0
1100 20 0
1100 21 0
1100 22 0
1100 23 0
1100 24 0
1100 25 0
1100 26 0
1100 27 0
1100 28 0
1100 29 0
1100 30 0
1100 31 0
1100 32 0
1100 33 0
1100 34 0
1100 35 0
1100 36 0
1100 37 0
1100 38 0
1100 39 0
1100 40 0
1100 41 0
1100 42 0
1100 43 0
1100 44 0
1100 45 0
1100 46 0
1100 47 0
1100 48 0
1100 49 0
1110 0 42
1110 1 0
1110 2 0
1110 3 0
1110 4 0
1110 5 0
1110 6 0
1110 7 0
1110 8 0
1110 9 0
1110 10 0
1110 11 0
1110 12 0
1110 13 0
1110 14 0
1110 15 0
1110 16 0
1110 17 0
1110 18 0
1110 19 0
1110 20 0
1110 21 0
1110 22 0
1110 23 0
1110 24 0
1110 25 0
1110 26 0
1110 27 0
1110 28 0
1110 29 0
1110 30 0
1110 31 0
1110 32 0
1110 33 0
1110 34 0
1110 35 0
1110 36 0
1110 37 0
1110 38 0
1110 39 0
1110 40 0
1110 41 0
1110 42 0
1110 43 0
1110 44 0
1110 45 0
1110 46 0
1110 47 0
1110 48 0
1110 49 0
1120 0 42
1120 1 0
1120 2 0
1120 3 0
1120 4 0
1120 5 0
1120 6 0
1120 7 0
1120 8 0
1120 9 0
1120 10 0
1120 11 0
1120 12 0
1120 13 0
1120 14 0
1120 15 0
1120 16 0
1120 17 0
1120 18 0
1120 19 0
1120 20 0
1120 21 0
1120 22 0
1120 23 0
1120 24 0
1120 25 0
1120 26 0
1120 27 0
1120 28 0
1120 29 0
1120 30 0
1120 31 0
1120 32 0
1120 33 0
1120 34 0
1120 35 0
1120 36 0
1120 37 0
1120 38 0
1120 39 0
1120 40 0
1120 41 0
1120 42 0
1120 43 0
1120 44 0
1120 45 0
1120 46 0
1120 47 0
1120 48 0
1120 49 0
1130 0 42
1130 1 0
1130 2 0
1130 3 0
1130 4 0
1130 5 0
1130 6 0
1130 7 0
1130 8 0
1130 9 0
1130 10 0
1130 11 0
1130 12 0
1130 13 0
1130 14 0
1130 15 0
1130 16 0
1130 17 0
1130 18 0
1130 19 0
1130 20 0
1130 21 0
1130 22 0
1130 23 0
1130 24 0
1130 25 0
1130 26 0
1130 27 0
1130 28 0
1130 29 0
1130 30 0
1130 31 0
1130 32 0
1130 33 0
1130 34 0
1130 35 0
1130 36 0
1130 37 0
1130 38 0
1130 39 0
1130 40 0
1130 41 0
1130 42 0
1130 43 0
1130 44 0
1130 45 0
1130 46 0
1130 47 0
1130 48 0
1130 49 0
1140 0 42
1140 1 0
1140 2 0
1140 3 0
1140 4 0
1140 5 0
1140 6 0
1140 7 0
1140 8 0
1140 9 0
1140 10 0
1140 11 0
1140 12 0
1140 13 0
1140 14 0
1140 15 0
1140 16 0
1140 17 0
1140 18 0
1140 19 0
1140 20 0
1140 21 0
1140 22 0
1140 23 0
1140 24 0
1140 25 0
1140 26 0
1140 27 0
1140 28 0
1140 29 0
1140 30 0
1140 31 0
1140 32 0
1140 33 0
1140 34 0
1140 35 0
1140 36 0
1140 37 0
1140 38 0
1140 39 0
1140 40 0
1140 41 0
1140 42 0
1140 43 0
1140 44 0
1140 45 0
1140 46 0
1140 47 0
1140 48 0
1140 49 0
1150 0 42
1150 1 0
1150 2 0
1150 3 0
1150 4 0
1150 5 0
1150 6 0
1150 7 0
1150 8 0
1150 9 0
1150 10 0
1150 11 0
1150 12 0
1150 13 0
1150 14 0
1150 15 0
1150 16 0
1150 17 0
1150 18 0
1150 19 0
1150 20 0
1150 21 0
1150 22 0
1150 23 0
1150 24 0
1150 25 0
1150 26 0
1150 27 0
1150 28 0
1150 29 0
1150 30 0
1150 31 0
1150 32 0
1150 33 0
1150 34 0
1150 35 0
1150 36 0
1150 37 0
1150 38 0
1150 39 0
1150 40 0
1150 41 0
1150 42 0
1150 43 0
1150 44 0
1150 45 0
1150 46 0
1150 47 0
1150 48 0
1150 49 0
1160 0 42
1160 1 0
1160 2 0
1160 3 0
1160 4 0
1160 5 0
1160 6 0
1160 7 0
1160 8 0
1160 9 0
1160 10 0
1160 11 0
1160 12 0
1160 13 0
1160 14 0
1160 15 0
1160 16 0
1160 17 0
1160 18 0
1160 19 0
1160 20 0
1160 21 0
1160 22 0
1160 23 0
1160 24 0
1160 25 0
1160 26 0
1160 27 0
1160 28 0
1160 29 0
1160 30 0
1160 31 0
1160 32 0
1160 33 0
1160 34 0
1160 35 0
1160 36 0
1160 37 0
1160 38 0
1160 39 0
1160 40 0
1160 41 0
1160 42 0
1160 43 0
1160 44 0
1160 45 0
1160 46 0
1160 47 0
1160 48 0
1160 49 0
1170 0 42
1170 1 0
1170 2 0
1170 3 0
1170 4 0
1170 5 0
1170 6 0
1170 7 0
1170 8 0
1170 9 0
1170 10 0
1170 11 0
1170 12 0
1170 13 0
1170 14 0
1170 15 0
1170 16 0
1170 17 0
1170 18 0
1170 19 0
1170 20 0
1170 21 0
1170 22 0
1170 23 0
1170 24 0
1170 25 0
1170 26 0
1170 27 0
1170 28 0
1170 29 0
1170 30 0
1170 31 0
1170 32 0
1170 33 0
1170 34 0
1170 35 0
1170 36 0
1170 37 0
1170 38 0
1170 39 0
1170 40 0
1170 41 0
1170 42 0
1170 43 0
1170 44 0
1170 45 0
1170 46 0
1170 47 0
1170 48 0
1170 49 0
1180 0 42
1180 1 0
1180 2 0
1180 3 0
1180 4 0
1180 5 0
1180 6 0
1180 7 0
1180 8 0
1180 9 0
1180 10 0
1180 11 0
1180 12 0
1180 13 0
1180 14 0
1180 15 0
1180 16 0
1180 17 0
1180 18 0
1180 19 0
1180 20 0
1180 21 0
1180 22 0
1180 23 0
1180 24 0
1180 25 0
1180 26 0
1180 27 0
1180 28 0
1180 29 0
1180 30 0
1180 31 0
1180 32 0
1180 33 0
1180 34 0
1180 35 0
1180 36 0
1180 37 0
1180 38 0
1180 39 0
1180 40 0
1180 41 0
1180 42 0
1180 43 0
1180 44 0
1180 45 0
1180 46 0
1180 47 0
1180 48 0
1180 49 0
1190 0 42
1190 1 0
1190 2 0
1190 3 0
1190 4 0
1190 5 0
1190 6 0
1190 7 0
1190 8 0
1190 9 0
1190 10 0
1190 11 0
1190 12 0
1190 13 0
1190 14 0
1190 15 0
1190 16 0
1190 17 0
1190 18 0
1190 19 0
1190 20 0
1190 21 0
1190 22 0
1190 23 0
1190 24 0
1190 25 0
1190 26 0
1190 27 0
1190 28 0
1190 29 0
1190 30 0
1190 31 0
1190 32 0
1190 33 0
1190 34 0
1190 35 0
1190 36 0
1190 37 0
1190 38 0
1190 39 0
1190 40 0
1190 41 0
1190 42 0
1190 43 0
1190 44 0
1190 45 0
1190 46 0
1190 47 0
1190 48 0
1190 49 0
1200 0 42
1200 1 0
1200 2 0
1200 3 0
1200 4 0
1200 5 0
1200 6 0
1200 7 0
1200 8 0
1200 9 0
1200 10 0
1200 11 0
1200 12 0
1200 13 0
1200 14 0
1200 15 0
1200 16 0
1200 17 0
1200 18 0
1200 19 0
1200 20 0
1200 21 0
1200 22 0
1200 23 0
1200 24 0
1200 25 0
1200 26 0
1200 27 0
1200 28 0
1200 29 0
1200 30 0
1200 31 0
1200 32 0
1200 33 0
1200 34 0
1200 35 0
1200 36 0
1200 37 0
1200 38 0
1200 39 0
1200 40 0
1200 41 0
1200 42 0
1200 43 0
1200 44 0
1200 45 0
1200 46 0
1200 47 0
1200 48 0
1200 49 0
1210 0 42
1210 1 0
1210 2 0
1210 3 0
1210 4 0
1210 5 0
1210 6 0
1210 7 0
1210 8 0
1210 9 0
1210 10 0
1210 11 0
1210 12 0
1210 13 0
1210 14 0
1210 15 0
1210 16 0
1210 17 0
1210 18 0
1210 19 0
1210 20 0
1210 21 0
1210 22 0
1210 23 0
1210 24 0
1210 25 0
1210 26 0
1210 27 0
1210 28 0
1210 29 0
1210 30 0
1210 31 0
1210 32 0
1210 33 0
1210 34 0
1210 35 0
1210 36 0
1210 37 0
1210 38 0
1210 39 0
1210 40 0
1210 41 0
1210 42 0
1210 43 0
1210 44 0
1210 45 0
1210 46 0
1210 47 0
1210 48 0
1210 49 0
1220 0 42
1220 1 0
1220 2 0
1220 3 0
1220 4 0
1220 5 0
1220 6 0
1220 7 0
1220 8 0
1220 9 0
1220 10 0
1220 11 0
1220 12 0
1220 13 0
1220 14 0
1220 15 0
1220 16 0
1220 17 0
1220 18 0
1220 19 0
1220 20 0
1220 21 0
1220 22 0
1220 23 0
1220 24 0
1220 25 0
1220 26 0
1220 27 0
1220 28 0
1220 29 0
1220 30 0
1220 31 0
1220 32 0
1220 33 0
1220 34 0
1220 35 0
1220 36 0
1220 37 0
1220 38 0
1220 39 0
1220 40 0
1220 41 0
1220 42 0
1220 43 0
1220 44 0
1220 45 0
1220 46 0
1220 47 0
1220 48 0
1220 49 0
1230 0 42
1230 1 0
1230 2 0
1230 3 0
1230 4 0
1230 5 0
1230 6 0
1230 7 0
1230 8 0
1230 9 0
1230 10 0
1230 11 0
1230 12 0
1230 13 0
1230 14 0
1230 15 0
1230 16 0
1230 17 0
1230 18 0
1230 19 0
1230 20 0
1230 21 0
1230 22 0
1230 23 0
1230 24 0
1230 25 0
1230 26 0
1230 27 0
1230 28 0
1230 29 0
1230 30 0
1230 31 0
1230 32 0
1230 33 0
1230 34 0
1230 35 0
1230 36 0
1230 37 0
1230 38 0
1230 39 0
1230 40 0
1230 41 0
1230 42 0
1230 43 0
1230 44 0
1230 45 0
1230 46 0
1230 47 0
1230 48 0
1230 49 0
1240 0 42
1240 1 0
1240 2 0
1240 3 0
1240 4 0
1240 5 0
1240 6 0
1240 7 0
1240 8 0
1240 9 0
1240 10 0
1240 11 0
1240 12 0
1240 13 0
1240 14 0
1240 15 0
1240 16 0
1240 17 0
1240 18 0
1240 19 0
1240 20 0
1240 21 0
1240 22 0
1240 23 0
1240 24 0
1240 25 0
1240 26 0
1240 27 0
1240 28 0
1240 29 0
1240 30 0
1240 31 0
1240 32 0
1240 33 0
1240 34 0
1240 35 0
1240 36 0
1240 37 0
1240 38 0
1240 39 0
1240 40 0
1240 41 0
1240 42 0
1240 43 0
1240 44 0
1240 45 0
1240 46 0
1240 47 0
1240 48 0
1240 49 0
1250 0 42
1250 1 0
1250 2 0
1250 3 0
1250 4 0
1250 5 0
1250 6 0
1250 7 0
1250 8 0
1250 9 0
1250 10 0
1250 11 0
1250 12 0
1250 13 0
1250 14 0
1250 15 0
1250 16 0
1250 17 0
1250 18 0
1250 19 0
1250 20 0
1250 21 0
1250 22 0
1250 23 0
1250 24 0
1250 25 0
1250 26 0
1250 27 0
1250 28 0
1250 29 0
1250 30 0
1250 31 0
1250 32 0
1250 33 0
1250 34 0
1250 35 0
1250 36 0
1250 37 0
1250 38 0
1250 39 0
1250 40 0
1250 41 0
1250 42 0
1250 43 0
1250 44 0
1250 45 0
1250 46 0
1250 47 0
1250 48 0
1250 49 0
1260 0 42
1260 1 0
1260 2 0
1260 3 0
1260 4 0
1260 5 0
1260 6 0
1260 7 0
1260 8 0
1260 9 0
1260 10 0
1260 11 0
1260 12 0
1260 13 0
1260 14 0
1260 15 0
1260 16 0
1260 17 0
1260 18 0
1260 19 0
1260 20 0
1260 21 0
1260 22 0
1260 23 0
1260 24 0
1260 25 0
1260 26 0
1260 27 0
1260 28 0
1260 29 0
1260 30 0
1260 31 0
1260 32 0
1260 33 0
1260 34 0
1260 35 0
1260 36 0
1260 37 0
1260 38 0
1260 39 0
1260 40 0
1260 41 0
1260 42 0
1260 43 0
1260 44 0
1260 45 0
1260 46 0
1260 47 0
1260 48 0
1260 49 0
1270 0 42
1270 1 0
1270 2 0
1270 3 0
1270 4 0
1270 5 0
1270 6 0
1270 7 0
1270 8 0
1270 9 0
1270 10 0
1270 11 0
1270 12 0
1270 13 0
1270 14 0
1270 15 0
1270 16 0
1270 17 0
1270 18 0
1270 19 0
1270 20 0
1270 21 0
1270 22 0
1270 23 0
1270 24 0
1270 25 0
1270 26 0
1270 27 0
1270 28 0
1270 29 0
1270 30 0
1270 31 0
1270 32 0
1270 33 0
1270 34 0
1270 35 0
1270 36 0
1270 37 0
1270 38 0
1270 39 0
1270 40 0
1270 41 0
1270 42 0
1270 43 0
1270 44 0
1270 45 0
1270 46 0
1270 47 0
1270 48 0
1270 49 0
1280 0 42
1280 1 0
1280 2 0
1280 3 0
1280 4 0
1280 5 0
1280 6 0
1280 7 0
1280 8 0
1280 9 0
1280 10 0
1280 11 0
1280 12 0
1280 13 0
1280 14 0
1280 15 0
1280 16 0
1280 17 0
1280 18 0
1280 19 0
1280 20 0
1280 21 0
1280 22 0
1280 23 0
1280 24 0
1280 25 0
1280 26 0
1280 27 0
1280 28 0
1280 29 0
1280 30 0
1280 31 0
1280 32 0
1280 33 0
1280 34 0
1280 35 0
1280 36 0
1280 37 0
1280 38 0
1280 39 0
1280 40 0
1280 41 0
1280 42 0
1280 43 0
1280 44 0
1280 45 0
1280 46 0
1280 47 0
1280 48 0
1280 49 0
1290 0 42
1290 1 0
1290 2 0
1290 3 0
1290 4 0
1290 5 0
1290 6 0
1290 7 0
1290 8 0
1290 9 0
1290 10 0
1290 11 0
1290 12 0
1290 13 0
1290 14 0
1290 15 0
1290 16 0
1290 17 0
1290 18 0
1290 19 0
1290 20 0
1290 21 0
1290 22 0
1290 23 0
1290 24 0
1290 25 0
1290 26 0
1290 27 0
1290 28 0
1290 29 0
1290 30 0
1290 31 0
1290 32 0
1290 33 0
1290 34 0
1290 35 0
1290 36 0
1290 37 0
1290 38 0
1290 39 0
1290 40 0
1290 41 0
1290 42 0
1290 43 0
1290 44 0
1290 45 0
1290 46 0
1290 47 0
1290 48 0
1290 49 0
1300 0 42
1300 1 0
1300 2 0
1300 3 0
1300 4 0
1300 5 0
1300 6 0
1300 7 0
1300 8 0
1300 9 0
1300 10 0
1300 11 0
1300 12 0
1300 13 0
1300 14 0
1300 15 0
1300 16 0
1300 17 0
1300 18 0
1300 19 0
1300 20 0
1300 21 0
1300 22 0
1300 23 0
1300 24 0
1300 25 0
1300 26 0
1300 27 0
1300 28 0
1300 29 0
1300 30 0
1300 31 0
1300 32 0
1300 33 0
1300 34 0
1300 35 0
1300 36 0
1300 37 0
1300 38 0
1300 39 0
1300 40 0
1300 41 0
1300 42 0
1300 43 0
1300 44 0
1300 45 0
1300 46 0
1300 47 0
1300 48 0
1300 49 0
1310 0 42
1310 1 0
1310 2 0
1310 3 0
1310 4 0
1310 5 0
1310 6 0
1310 7 0
1310 8 0
1310 9 0
1310 10 0
1310 11 0
1310 12 0
1310 13 0
1310 14 0
1310 15 0
1310 16 0
1310 17 0
1310 18 0
1310 19 0
1310 20 0
1310 21 0
1310 22 0
1310 23 0
1310 24 0
1310 25 0
1310 26 0
1310 27 0
1310 28 0
1310 29 0
1310 30 0
1310 31 0
1310 32 0
1310 33 0
1310 34 0
1310 35 0
1310 36 0
1310 37 0
1310 38 0
1310 39 0
1310 40 0
1310 41 0
1310 42 0
1310 43 0
1310 44 0
1310 45 0
1310 46 0
1310 47 0
1310 48 0
1310 49 0
1320 0 42
1320 1 0
1320 2 0
1320 3 0
1320 4 0
1320 5 0
1320 6 0
1320 7 0
1320 8 0
1320 9 0
1320 10 0
1320 11 0
1320 12 0
1320 13 0
1320 14 0
1320 15 0
1320 16 0
1320 17 0
1320 18 0
1320 19 0
1320 20 0
1320 21 0
1320 22 0
1320 23 0
1320 24 0
1320 25 0
1320 26 0
1320 27 0
1320 28 0
1320 29 0
1320 30 0
1320 31 0
1320 32 0
1320 33 0
1320 34 0
1320 35 0
1320 36 0
1320 37 0
1320 38 0
1320 39 0
1320 40 0
1320 41 0
1320 42 0
1320 43 0
1320 44 0
1320 45 0
1320 46 0
1320 47 0
1320 48 0
1320 49 0
1330 0 42
1330 1 0
1330 2 0
1330 3 0
1330 4 0
1330 5 0
1330 6 0
1330 7 0
1330 8 0
1330 9 0
1330 10 0
1330 11 0
1330 12 0
1330 13 0
1330 14 0
1330 15 0
1330 16 0
1330 17 0
1330 18 0
1330 19 0
1330 20 0
1330 21 0
1330 22 0
1330 23 0
1330 24 0
1330 25 0
1330 26 0
1330 27 0
1330 28 0
1330 29 0
1330 30 0
1330 31 0
1330 32 0
1330 33 0
1330 34 0
1330 35 0
1330 36 0
1330 37 0
1330 38 0
1330 39 0
1330 40 0
1330 41 0
1330 42 0
1330 43 0
1330 44 0
1330 45 0
1330 46 0
1330 47 0
1330 48 0
1330 49 0
1340 0 42
1340 1 0
1340 2 0
1340 3 0
1340 4 0
1340 5 0
1340 6 0
1340 7 0
1340 8 0
1340 9 0
1340 10 0
1340 11 0
1340 12 0
1340 13 0
1340 14 0
1340 15 0
1340 16 0
1340 17 0
1340 18 0
1340 19 0
1340 20 0
1340 21 0
1340 22 0
1340 23 0
1340 24 0
1340 25 0
1340 26 0
1340 27 0
1340 28 0
1340 29 0
1340 30 0
1340 31 0
1340 32 0
1340 33 0
1340 34 0
1340 35 0
1340 36 0
1340 37 0
1340 38 0
1340 39 0
1340 40 0
1340 41 0
1340 42 0
1340 43 0
1340 44 0
1340 45 0
1340 46 0
1340 47 0
1340 48 0
1340 49 0
1350 0 42
1350 1 0
1350 2 0
1350 3 0
1350 4 0
1350 5 0
1350 6 0
1350 7 0
1350 8 0
1350 9 0
1350 10 0
1350 11 0
1350 12 0
1350 13 0
1350 14 0
1350 15 0
1350 16 0
1350 17 0
1350 18 0
1350 19 0
1350 20 0
1350 21 0
1350 22 0
1350 23 0
1350 24 0
1350 25 0
1350 26 0
1350 27 0
1350 28 0
1350 29 0
1350 30 0
1350 31 0
1350 32 0
1350 33 0
1350 34 0
1350 35 0
1350 36 0
1350 37 0
1350 38 0
1350 39 0
1350 40 0
1350 41 0
1350 42 0
1350 43 0
1350 44 0
1350 45 0
1350 46 0
1350 47 0
1350 48 0
1350 49 0
1360 0 42
1360 1 0
1360 2 0
1360 3 0
1360 4 0
1360 5 0
1360 6 0
1360 7 0
1360 8 0
1360 9 0
1360 10 0
1360 11 0
1360 12 0
1360 13 0
1360 14 0
1360 15 0
1360 16 0
1360 17 0
1360 18 0
1360 19 0
1360 20 0
1360 21 0
1360 22 0
1360 23 0
1360 24 0
1360 25 0
1360 26 0
1360 27 0
1360 28 0
1360 29 0
1360 30 0
1360 31 0
1360 32 0
1360 33 0
1360 34 0
1360 35 0
1360 36 0
1360 37 0
1360 38 0
1360 39 0
1360 40 0
1360 41 0
1360 42 0
1360 43 0
1360 44 0
1360 45 0
1360 46 0
1360 47 0
1360 48 0
1360 49 0
1370 0 42
1370 1 0
1370 2 0
1370 3 0
1370 4 0
1370 5 0
1370 6 0
1370 7 0
1370 8 0
1370 9 0
1370 10 0
1370 11 0
1370 12 0
1370 13 0
1370 14 0
1370 15 0
1370 16 0
1370 17 0
1370 18 0
1370 19 0
1370 20 0
1370 21 0
1370 22 0
1370 23 0
1370 24 0
1370 25 0
1370 26 0
1370 27 0
1370 28 0
1370 29 0
1370 30 0
1370 31 0
1370 32 0
1370 33 0
1370 34 0
1370 35 0
1370 36 0
1370 37 0
1370 38 0
1370 39 0
1370 40 0
1370 41 0
1370 42 0
1370 43 0
1370 44 0
1370 45 0
1370 46 0
1370 47 0
1370 48 0
1370 49 0
1380 0 42
1380 1 0
1380 2 0
1380 3 0
1380 4 0
1380 5 0
1380 6 0
1380 7 0
1380 8 0
1380 9 0
1380 10 0
1380 11 0
1380 12 0
1380 13 0
1380 14 0
1380 15 0
1380 16 0
1380 17 0
1380 18 0
1380 19 0
1380 20 0
1380 21 0
1380 22 0
1380 23 0
1380 24 0
1380 25 0
1380 26 0
1380 27 0
1380 28 0
1380 29 0
1380 30 0
1380 31 0
1380 32 0
1380 33 0
1380 34 0
1380 35 0
1380 36 0
1380 37 0
1380 38 0
1380 39 0
1380 40 0
1380 41 0
1380 42 0
1380 43 0
1380 44 0
1380 45 0
1380 46 0
1380 47 0
1380 48 0
1380 49 0
1390 0 42
1390 1 0
1390 2 0
1390 3 0
1390 4 0
1390 5 0
1390 6 0
1390 7 0
1390 8 0
1390 9 0
1390 10 0
1390 11 0
1390 12 0
1390 13 0
1390 14 0
1390 15 0
1390 16 0
1390 17 0
1390 18 0
1390 19 0
1390 20 0
1390 21 0
1390 22 0
1390 23 0
1390 24 0
1390 25 0
1390 26 0
1390 27 0
1390 28 0
1390 29 0
1390 30 0
1390 31 0
1390 32 0
1390 33 0
1390 34 0
1390 35 0
1390 36 0
1390 37 0
1390 38 0
1390 39 0
1390 40 0
1390 41 0
1390 42 0
1390 43 0
1390 44 0
1390 45 0
1390 46 0
1390 47 0
1390 48 0
1390 49 0
1400 0 42
1400 1 0
1400 2 0
1400 3 0
1400 4 0
1400 5 0
1400 6 0
1400 7 0
1400 8 0
1400 9 0
1400 10 0
1400 11 0
1400 12 0
1400 13 0
1400 14 0
1400 15 0
1400 16 0
1400 17 0
1400 18 0
1400 19 0
1400 20 0
1400 21 0
1400 22 0
1400 23 0
1400 24 0
1400 25 0
1400 26 0
1400 27 0
1400 28 0
1400 29 0
1400 30 0
1400 31 0
1400 32 0
1400 33 0
1400 34 0
1400 35 0
1400 36 0
1400 37 0
1400 38 0
1400 39 0
1400 40 0
1400 41 0
1400 42 0
1400 43 0
1400 44 0
1400 45 0
1400 46 0
1400 47 0
1400 48 0
1400 49 0
1410 0 42
1410 1 0
1410 2 0
1410 3 0
1410 4 0
1410 5 0
1410 6 0
1410 7 0
1410 8 0
1410 9 0
1410 10 0
1410 11 0
1410 12 0
1410 13 0
1410 14 0
1410 15 0
1410 16 0
1410 17 0
1410 18 0
1410 19 0
1410 20 0
1410 21 0
1410 22 0
1410 23 0
1410 24 0
1410 25 0
1410 26 0
1410 27 0
1410 28 0
1410 29 0
1410 30 0
1410 31 0
1410 32 0
1410 33 0
1410 34 0
1410 35 0
1410 36 0
1410 37 0
1410 38 0
1410 39 0
1410 40 0
1410 41 0
1410 42 0
1410 43 0
1410 44 0
1410 45 0
1410 46 0
1410 47 0
1410 48 0
1410 49 0
1420 0 42
1420 1 0
1420 2 0
1420 3 0
1420 4 0
1420 5 0
1420 6 0
1420 7 0
1420 8 0
1420 9 0
1420 10 0
1420 11 0
1420 12 0
1420 13 0
1420 14 0
1420 15 0
1420 16 0
1420 17 0
1420 18 0
1420 19 0
1420 20 0
1420 21 0
1420 22 0
1420 23 0
1420 24 0
1420 25 0
1420 26 0
1420 27 0
1420 28 0
1420 29 0
1420 30 0
1420 31 0
1420 32 0
1420 33 0
1420 34 0
1420 35 0
1420 36 0
1420 37 0
1420 38 0
1420 39 0
1420 40 0
1420 41 0
1420 42 0
1420 43 0
1420 44 0
1420 45 0
1420 46 0
1420 47 0
1420 48 0
1420 49 0
1430 0 42
1430 1 0
1430 2 0
1430 3 0
1430 4 0
1430 5 0
1430 6 0
1430 7 0
1430 8 0
1430 9 0
1430 10 0
1430 11 0
1430 12 0
1430 13 0
1430 14 0
1430 15 0
1430 16 0
1430 17 0
1430 18 0
1430 19 0
1430 20 0
1430 21 0
1430 22 0
1430 23 0
1430 24 0
1430 25 0
1430 26 0
1430 27 0
1430 28 0
1430 29 0
1430 30 0
1430 31 0
1430 32 0
1430 33 0
1430 34 0
1430 35 0
1430 36 0
1430 37 0
1430 38 0
1430 39 0
1430 40 0
1430 41 0
1430 42 0
1430 43 0
1430 44 0
1430 45 0
1430 46 0
1430 47 0
1430 48 0
1430 49 0
1440 0 42
1440 1 0
1440 2 0
1440 3 0
1440 4 0
1440 5 0
1440 6 0
1440 7 0
1440 8 0
1440 9 0
1440 10 0
1440 11 0
1440 12 0
1440 13 0
1440 14 0
1440 15 0
1440 16 0
1440 17 0
1440 18 0
1440 19 0
1440 20 0
1440 21 0
1440 22 0
1440 23 0
1440 24 0
1440 25 0
1440 26 0
1440 27 0
1440 28 0
1440 29 0
1440 30 0
1440 31 0
1440 32 0
1440 33 0
1440 34 0
1440 35 0
1440 36 0
1440 37 0
1440 38 0
1440 39 0
1440 40 0
1440 41 0
1440 42 0
1440 43 0
1440 44 0
1440 45 0
1440 46 0
1440 47 0
1440 48 0
1440 49 0
1450 0 42
1450 1 0
1450 2 0
1450 3 0
1450 4 0
1450 5 0
1450 6 0
1450 7 0
1450 8 0
1450 9 0
1450 10 0
1450 11 0
1450 12 0
1450 13 0
1450 14 0
1450 15 0
1450 16 0
1450 17 0
1450 18 0
1450 19 0
1450 20 0
1450 21 0
1450 22 0
1450 23 0
1450 24 0
1450 25 0
1450 26 0
1450 27 0
1450 28 0
1450 29 0
1450 30 0
1450 31 0
1450 32 0
1450 33 0
1450 34 0
1450 35 0
1450 36 0
1450 37 0
1450 38 0
1450 39 0
1450 40 0
1450 41 0
1450 42 0
1450 43 0
1450 44 0
1450 45 0
1450 46 0
1450 47 0
1450 48 0
1450 49 0
1460 0 42
1460 1 0
1460 2 0
1460 3 0
1460 4 0
1460 5 0
1460 6 0
1460 7 0
1460 8 0
1460 9 0
1460 10 0
1460 11 0
1460 12 0
1460 13 0
1460 14 0
1460 15 0
1460 16 0
1460 17 0
1460 18 0
1460 19 0
1460 20 0
1460 21 0
1460 22 0
1460 23 0
1460 24 0
1460 25 0
1460 26 0
1460 27 0
1460 28 0
1460 29 0
1460 30 0
1460 31 0
1460 32 0
1460 33 0
1460 34 0
1460 35 0
1460 36 0
1460 37 0
1460 38 0
1460 39 0
1460 40 0
1460 41 0
1460 42 0
1460 43 0
1460 44 0
1460 45 0
1460 46 0
1460 47 0
1460 48 0
1460 49 0
1470 0 42
1470 1 0
1470 2 0
1470 3 0
1470 4 0
1470 5 0
1470 6 0
1470 7 0
1470 8 0
1470 9 0
1470 10 0
1470 11 0
1470 12 0
1470 13 0
1470 14 0
1470 15 0
1470 16 0
1470 17 0
1470 18 0
1470 19 0
1470 20 0
1470 21 0
1470 22 0
1470 23 0
1470 24 0
1470 25 0
1470 26 0
1470 27 0
1470 28 0
1470 29 0
1470 30 0
1470 31 0
1470 32 0
1470 33 0
1470 34 0
1470 35 0
1470 36 0
1470 37 0
1470 38 0
1470 39 0
1470 40 0
1470 41 0
1470 42 0
1470 43 0
1470 44 0
1470 45 0
1470 46 0
1470 47 0
1470 48 0
1470 49 0
1480 0 42
1480 1 0
1480 2 0
1480 3 0
1480 4 0
1480 5 0
1480 6 0
1480 7 0
1480 8 0
1480 9 0
1480 10 0
1480 11 0
1480 12 0
1480 13 0
1480 14 0
1480 15 0
1480 16 0
1480 17 0
1480 18 0
1480 19 0
1480 20 0
1480 21 0
1480 22 0
1480 23 0
1480 24 0
1480 25 0
1480 26 0
1480 27 0
1480 28 0
1480 29 0
1480 30 0
1480 31 0
1480 32 0
1480 33 0
1480 34 0
1480 35 0
1480 36 0
1480 37 0
1480 38 0
1480 39 0
1480 40 0
1480 41 0
1480 42 0
1480 43 0
1480 44 0
1480 45 0
1480 46 0
1480 47 0
1480 48 0
1480 49 0
1490 0 42
1490 1 0
1490 2 0
1490 3 0
1490 4 0
1490 5 0
1490 6 0
1490 7 0
1490 8 0
1490 9 0
1490 10 0
1490 11 0
1490 12 0
1490 13 0
1490 14 0
1490 15 0
1490 16 0
1490 17 0
1490 18 0
1490 19 0
1490 20 0
1490 21 0
1490 22 0
1490 23 0
1490 24 0
1490 25 0
1490 26 0
1490 27 0
1490 28 0
1490 29 0
1490 30 0
1490 31 0
1490 32 0
1490 33 0
1490 34 0
1490 35 0
1490 36 0
1490 37 0
1490 38 0
1490 39 0
1490 40 0
1490 41 0
1490 42 0
1490 43 0
1490 44 0
1490 45 0
1490 46 0
1490 47 0
1490 48 0
1490 49 0
1500 0 42
1500 1 0
1500 2 0
1500 3 0
1500 4 0
1500 5 0
1500 6 0
1500 7 0
1500 8 0
1500 9 0
1500 10 0
1500 11 0
1500 12 0
1500 13 0
1500 14 0
1500 15 0
1500 16 0
1500 17 0
1500 18 0
1500 19 0
1500 20 0
1500 21 0
1500 22 0
1500 23 0
1500 24 0
1500 25 0
1500 26 0
1500 27 0
1500 28 0
1500 29 0
1500 30 0
1500 31 0
1500 32 0
1500 33 0
1500 34 0
1500 35 0
1500 36 0
1500 37 0
1500 38 0
1500 39 0
1500 40 0
1500 41 0
1500 42 0
1500 43 0
1500 44 0
1500 45 0
1500 46 0
1500 47 0
1500 48 0
1500 49 0
